route_id,service_id,trip_id,trip_headsign,direction_id,block_id,shape_id
1727,1,137737,CHATHAM PLAZA,0,12649,13318
1727,1,137738,CHATHAM PLAZA,0,12649,13320
1727,1,137739,CHATHAM PLAZA,0,12650,13320
1727,1,137740,CHATHAM PLAZA,0,12651,13320
1727,1,137741,CHATHAM PLAZA,0,12649,13320
1727,1,137742,CHATHAM PLAZA,0,12650,13320
1727,1,137743,CHATHAM PLAZA,0,12651,13320
1727,1,137744,CHATHAM PLAZA,0,12649,13320
1727,1,137753,CHATHAM PLAZA,0,12651,13321
1727,1,137754,CHATHAM PLAZA,0,12652,13321
1727,1,137755,CHATHAM PLAZA,0,12651,13321
1727,1,137756,CHATHAM PLAZA,0,12652,13321
1727,1,137745,CHATHAM PLAZA,0,12651,13320
1727,1,137746,CHATHAM PLAZA,0,12652,13320
1727,1,137747,CHATHAM PLAZA,0,12651,13320
1727,1,137748,CHATHAM PLAZA,0,12653,13320
1727,1,137749,CHATHAM PLAZA,0,12652,13320
1727,1,137750,CHATHAM PLAZA,0,12651,13320
1727,1,137751,CHATHAM PLAZA,0,12653,13320
1727,1,137752,CHATHAM PLAZA,0,12652,13320
1727,1,137757,CHATHAM PLAZA,0,12653,13321
1727,1,137758,CHATHAM PLAZA,0,12654,13321
1727,1,137779,CHATHAM PLAZA TO DOWNTOWN,1,12649,13322
1727,1,137759,TRANSIT CENTER,1,12651,13323
1727,1,137760,TRANSIT CENTER,1,12649,13323
1727,1,137761,CHATHAM PLAZA TO DOWNTOWN,1,12650,13322
1727,1,137762,TRANSIT CENTER,1,12651,13323
1727,1,137763,TRANSIT CENTER,1,12649,13323
1727,1,137764,CHATHAM PLAZA TO DOWNTOWN,1,12650,13322
1727,1,137765,TRANSIT CENTER,1,12651,13323
1727,1,137766,TRANSIT CENTER,1,12649,13323
1727,1,137781,TRANSIT CENTER,1,12651,13326
1727,1,137778,TRANSIT CENTER,1,12652,13325
1727,1,137767,TRANSIT CENTER,1,12651,13325
1727,1,137768,TRANSIT CENTER,1,12652,13326
1727,1,137771,TRANSIT CENTER,1,12651,13323
1727,1,137780,TRANSIT CENTER,1,12652,13323
1727,1,137769,CHATHAM PLAZA TO DOWNTOWN,1,12651,13322
1727,1,137770,TRANSIT CENTER,1,12653,13323
1727,1,137772,TRANSIT CENTER,1,12652,13323
1727,1,137773,TRANSIT CENTER,1,12651,13323
1727,1,137774,TRANSIT CENTER,1,12653,13323
1727,1,137777,TRANSIT CENTER,1,12652,13323
1727,1,137775,TRANSIT CENTER,1,12653,13325
1727,1,137776,TRANSIT CENTER,1,12654,13325
1728,1,142211,,0,12962,13514
1728,1,142212,,0,12963,13514
1728,1,142213,,0,12962,13514
1728,1,142214,,0,12963,13514
1728,1,142215,,0,12962,13514
1728,1,142216,,0,12963,13514
1728,1,142217,,0,12962,13514
1728,1,142218,,0,12963,13514
1728,1,142219,,0,12962,13514
1728,1,142220,,0,12963,13514
1728,1,142221,,0,12962,13514
1728,1,142222,,0,12963,13514
1728,1,142223,,0,12962,13514
1728,1,142224,,0,12963,13514
1728,1,142225,,0,12962,13514
1728,1,142226,,0,12963,13514
1728,1,142227,,0,12962,13514
1728,1,142228,,0,12963,13514
1728,1,142229,,0,12962,13514
1728,1,142230,,0,12963,13514
1728,1,142231,,0,12962,13514
1728,1,142232,,0,12963,13514
1728,1,142233,,0,12962,13514
1728,1,142234,,0,12963,13514
1728,1,142235,,0,12962,13514
1728,1,142236,,0,12963,13514
1728,1,142237,,0,12962,13514
1728,1,142238,,0,12963,13514
1728,1,142239,,0,12962,13514
1729,1,137996, WALMART ON 17,0,12669,13329
1729,1,137983, WALMART ON 17,0,12668,13329
1729,1,137989,WALMART ON 17,0,12669,13330
1729,1,137984,WALMART ON 17,0,12668,13330
1729,1,137990,WALMART ON 17,0,12669,13330
1729,1,137985,WALMART ON 17,0,12668,13330
1729,1,137991,WALMART ON 17,0,12669,13330
1729,1,137986,WALMART ON 17,0,12668,13330
1729,1,137992,WALMART ON 17,0,12669,13330
1729,1,137987,WALMART ON 17,0,12668,13330
1729,1,137993,WALMART ON 17,0,12669,13330
1729,1,137997,WALMART ON 17,0,12668,13330
1729,1,137994, WALMART ON 17,0,12669,13329
1729,1,137988, WALMART ON 17,0,12668,13329
1729,1,137995, WALMART ON 17,0,12669,13329
1729,1,137998, WALMART ON 17,0,12668,13329
1729,1,137999,HODGSON MEMORIAL,1,12669,13331
1729,1,138000,HODGSON MEMORIAL,1,12668,13332
1729,1,138001,HODGSON MEMORIAL,1,12669,13332
1729,1,138002,HODGSON MEMORIAL,1,12668,13332
1729,1,138003,HODGSON MEMORIAL,1,12669,13332
1729,1,138004,HODGSON MEMORIAL,1,12668,13332
1729,1,138005,HODGSON MEMORIAL,1,12669,13332
1729,1,138006,HODGSON MEMORIAL,1,12668,13332
1729,1,138007,HODGSON MEMORIAL,1,12669,13332
1729,1,138012,HODGSON MEMORIAL,1,12668,13332
1729,1,138008,HODGSON MEMORIAL,1,12669,13332
1729,1,138009,HODGSON MEMORIAL,1,12668,13331
1729,1,138013,HODGSON MEMORIAL,1,12669,13331
1729,1,138010,HODGSON MEMORIAL,1,12668,13331
1729,1,138011,HODGSON MEMORIAL,1,12669,13331
1730,1,138079, PENN WALLER & JOHNNY MERCER,0,12674,13335
1730,1,138080, PENN WALLER & JOHNNY MERCER,0,12675,13335
1730,1,138081, PENN WALLER & JOHNNY MERCER,0,12674,13335
1730,1,138082, PENN WALLER & JOHNNY MERCER,0,12675,13335
1730,1,138083, PENN WALLER & JOHNNY MERCER,0,12674,13335
1730,1,138084, PENN WALLER & JOHNNY MERCER,0,12675,13335
1730,1,138085, PENN WALLER & JOHNNY MERCER,0,12674,13335
1730,1,138086, PENN WALLER & JOHNNY MERCER,0,12675,13335
1730,1,138087, PENN WALLER & JOHNNY MERCER,0,12674,13335
1730,1,138088, PENN WALLER & JOHNNY MERCER,0,12675,13335
1730,1,138089, PENN WALLER & JOHNNY MERCER,0,12674,13335
1730,1,138090, PENN WALLER & JOHNNY MERCER,0,12675,13335
1730,1,138091, PENN WALLER & JOHNNY MERCER,0,12674,13335
1730,1,138092,ISLAND TOWNE CENTRE,0,12675,13334
1730,1,138093,ISLAND TOWNE CENTRE,0,12674,13334
1730,1,138094,GREGORY & RIVERVIEW,0,12674,13333
1730,1,138095,GREGORY & RIVERVIEW,0,12674,13333
1730,1,138109,TRANSIT CENTER,1,12674,13336
1730,1,138111,TRANSIT CENTER,1,12675,13339
1730,1,138096,TRANSIT CENTER,1,12674,13338
1730,1,138097,TRANSIT CENTER,1,12675,13338
1730,1,138098,TRANSIT CENTER,1,12674,13338
1730,1,138099,TRANSIT CENTER,1,12675,13338
1730,1,138100,TRANSIT CENTER,1,12674,13338
1730,1,138101,TRANSIT CENTER,1,12675,13338
1730,1,138102,TRANSIT CENTER,1,12674,13338
1730,1,138103,TRANSIT CENTER,1,12675,13338
1730,1,138104,TRANSIT CENTER,1,12674,13338
1730,1,138105,TRANSIT CENTER,1,12675,13338
1730,1,138106,TRANSIT CENTER,1,12674,13338
1730,1,138107,TRANSIT CENTER,1,12675,13338
1730,1,138112,TRANSIT CENTER,1,12674,13338
1730,1,138108,TRANSIT CENTER,1,12674,13337
1730,1,138110,TRANSIT CENTER,1,12674,13336
1731,1,138121,EISENHOWER,0,12678,13340
1731,1,138122,EISENHOWER,0,12678,13341
1731,1,138123,EISENHOWER,0,12678,13341
1731,1,138124,EISENHOWER,0,12679,13341
1731,1,138125,EISENHOWER,0,12679,13341
1731,1,138126,TRANSIT CENTER,1,12678,13342
1731,1,138127,TRANSIT CENTER,1,12678,13342
1731,1,138128,TRANSIT CENTER,1,12678,13342
1731,1,138129,TRANSIT CENTER,1,12679,13342
1731,1,138130,TRANSIT CENTER,1,12679,13342
1732,1,138222,ISLAND TOWNE CENTRE VIA SSU,0,12954,13343
1732,1,138233,ISLAND TOWNE CENTRE VIA SSU,0,12956,13343
1732,1,138223,ISLAND TOWNE CENTRE VIA SSU,0,12955,13343
1732,1,138211,ISLAND TOWNE CENTRE VIA SSU,0,12957,13343
1732,1,138224,ISLAND TOWNE CENTRE VIA SSU,0,12954,13343
1732,1,138212,ISLAND TOWNE CENTRE VIA SSU,0,12956,13343
1732,1,138225,ISLAND TOWNE CENTRE VIA SSU,0,12955,13343
1732,1,138213,ISLAND TOWNE CENTRE VIA SSU,0,12957,13343
1732,1,138221,ISLAND TOWNE CENTRE VIA SSU,0,12956,13343
1732,1,138214,ISLAND TOWNE CENTRE VIA SSU,0,12957,13343
1732,1,138215,ISLAND TOWNE CENTRE VIA SSU,0,12956,13343
1732,1,138220,ISLAND TOWNE CENTRE VIA SSU,0,12957,13343
1732,1,138216,ISLAND TOWNE CENTRE VIA SSU,0,12956,13343
1732,1,138226,ISLAND TOWNE CENTRE VIA SSU,0,12958,13343
1732,1,138217,ISLAND TOWNE CENTRE VIA SSU,0,12957,13343
1732,1,138227,ISLAND TOWNE CENTRE VIA SSU,0,12959,13343
1732,1,138218,ISLAND TOWNE CENTRE VIA SSU,0,12956,13343
1732,1,138228,ISLAND TOWNE CENTRE VIA SSU,0,12958,13343
1732,1,138219,ISLAND TOWNE CENTRE VIA SSU,0,12957,13343
1732,1,138229,ISLAND TOWNE CENTRE VIA SSU,0,12959,13343
1732,1,138234,ISLAND TOWNE CENTRE VIA SSU,0,12956,13343
1732,1,138230,SAVANNAH STATE UNIVERSITY,0,12958,13344
1732,1,138231,SAVANNAH STATE UNIVERSITY,0,12958,13344
1732,1,138232,SAVANNAH STATE UNIVERSITY,0,12958,13344
1732,1,142181,W 51ST & HOPKINS,1,12955,13346
1732,1,138243, W 51ST & HOPKINS,1,12954,13345
1732,1,138244, W 51ST & HOPKINS,1,12956,13345
1732,1,138235, W 51ST & HOPKINS,1,12955,13345
1732,1,138245, W 51ST & HOPKINS,1,12957,13345
1732,1,138236, W 51ST & HOPKINS,1,12954,13345
1732,1,138246, W 51ST & HOPKINS,1,12956,13345
1732,1,138237, W 51ST & HOPKINS,1,12955,13345
1732,1,138247, W 51ST & HOPKINS,1,12957,13345
1732,1,138248, W 51ST & HOPKINS,1,12956,13345
1732,1,138249, W 51ST & HOPKINS,1,12957,13345
1732,1,138250, W 51ST & HOPKINS,1,12956,13345
1732,1,138251, W 51ST & HOPKINS,1,12957,13345
1732,1,138252, W 51ST & HOPKINS,1,12956,13345
1732,1,138238, W 51ST & HOPKINS,1,12958,13345
1732,1,138253, W 51ST & HOPKINS,1,12957,13345
1732,1,138239, W 51ST & HOPKINS,1,12959,13345
1732,1,138254, W 51ST & HOPKINS,1,12956,13345
1732,1,138240, W 51ST & HOPKINS,1,12958,13345
1732,1,138255, W 51ST & HOPKINS,1,12957,13345
1732,1,138241, W 51ST & HOPKINS,1,12959,13345
1732,1,138259,W 51ST & HOPKINS,1,12958,13346
1732,1,138256, W 51ST & HOPKINS,1,12956,13345
1732,1,138242,W 51ST & HOPKINS,1,12958,13346
1732,1,138258,W 51ST & HOPKINS,1,12958,13346
1733,1,138384,SAVANNAH MALL,0,12702,13347
1733,1,138385,SAVANNAH MALL,0,12703,13348
1733,1,138386,SAVANNAH MALL,0,12704,13347
1733,1,138387,SAVANNAH MALL,0,12705,13348
1733,1,138388,SAVANNAH MALL,0,12706,13347
1733,1,138389,SAVANNAH MALL,0,12702,13348
1733,1,138390,SAVANNAH MALL,0,12703,13347
1733,1,138391,SAVANNAH MALL,0,12704,13348
1733,1,138392,SAVANNAH MALL,0,12705,13347
1733,1,138393,SAVANNAH MALL,0,12706,13348
1733,1,138394,SAVANNAH MALL,0,12702,13347
1733,1,138417,SAVANNAH MALL,0,12707,13347
1733,1,138395,SAVANNAH MALL,0,12703,13348
1733,1,138396,SAVANNAH MALL,0,12704,13347
1733,1,138397,SAVANNAH MALL,0,12705,13348
1733,1,138398,SAVANNAH MALL,0,12706,13347
1733,1,138399,SAVANNAH MALL,0,12702,13348
1733,1,138418,SAVANNAH MALL,0,12707,13347
1733,1,138400,SAVANNAH MALL,0,12703,13347
1733,1,138401,SAVANNAH MALL,0,12704,13348
1733,1,138402,SAVANNAH MALL,0,12705,13347
1733,1,138403,SAVANNAH MALL,0,12706,13348
1733,1,138404,SAVANNAH MALL,0,12702,13347
1733,1,138419,SAVANNAH MALL,0,12707,13347
1733,1,138405,SAVANNAH MALL,0,12703,13348
1733,1,138406,SAVANNAH MALL,0,12704,13347
1733,1,138407,SAVANNAH MALL,0,12705,13348
1733,1,138408,SAVANNAH MALL,0,12706,13347
1733,1,138409,SAVANNAH MALL,0,12702,13348
1733,1,138410,SAVANNAH MALL,0,12703,13347
1733,1,138411,SAVANNAH MALL,0,12704,13348
1733,1,138416,SAVANNAH MALL,0,12706,13348
1733,1,138412,SAVANNAH MALL,0,12703,13348
1733,1,138413,SAVANNAH MALL,0,12706,13348
1733,1,138414,SAVANNAH MALL,0,12703,13348
1733,1,138415,SAVANNAH MALL,0,12706,13348
1733,1,138453,TRANSIT CENTER,1,12705,13349
1733,1,138420,TRANSIT CENTER,1,12706,13349
1733,1,138421,TRANSIT CENTER,1,12702,13350
1733,1,138422,TRANSIT CENTER,1,12703,13349
1733,1,138436,TRANSIT CENTER,1,12704,13350
1733,1,138437,TRANSIT CENTER,1,12705,13349
1733,1,138423,TRANSIT CENTER,1,12706,13350
1733,1,138438,TRANSIT CENTER,1,12702,13349
1733,1,138424,TRANSIT CENTER,1,12703,13350
1733,1,138439,TRANSIT CENTER,1,12704,13349
1733,1,138425,TRANSIT CENTER,1,12705,13350
1733,1,138440,TRANSIT CENTER,1,12706,13349
1733,1,138426,TRANSIT CENTER,1,12702,13350
1733,1,138454,TRANSIT CENTER,1,12707,13349
1733,1,138441,TRANSIT CENTER,1,12703,13349
1733,1,138427,TRANSIT CENTER,1,12704,13350
1733,1,138442,TRANSIT CENTER,1,12705,13349
1733,1,138428,TRANSIT CENTER,1,12706,13350
1733,1,138443,TRANSIT CENTER,1,12702,13349
1733,1,138455,TRANSIT CENTER,1,12707,13349
1733,1,138429,TRANSIT CENTER,1,12703,13350
1733,1,138430,TRANSIT CENTER,1,12704,13349
1733,1,138431,TRANSIT CENTER,1,12705,13350
1733,1,138444,TRANSIT CENTER,1,12706,13349
1733,1,138432,TRANSIT CENTER,1,12702,13350
1733,1,138456,TRANSIT CENTER,1,12707,13349
1733,1,138445,TRANSIT CENTER,1,12703,13349
1733,1,138449,TRANSIT CENTER,1,12704,13350
1733,1,138446,TRANSIT CENTER,1,12705,13349
1733,1,138433,TRANSIT CENTER,1,12706,13350
1733,1,138447,TRANSIT CENTER,1,12702,13349
1733,1,138434,TRANSIT CENTER,1,12703,13350
1733,1,138448,TRANSIT CENTER,1,12704,13349
1733,1,138435,TRANSIT CENTER,1,12706,13349
1733,1,138450,TRANSIT CENTER,1,12703,13349
1733,1,138451,TRANSIT CENTER,1,12706,13349
1733,1,138452,TRANSIT CENTER,1,12703,13349
1734,1,138542,SUPER WALMART ON HWY 17,0,12931,13351
1734,1,138527,SAVANNAH FESTIVAL,0,12932,13352
1734,1,138531,SAVANNAH FESTIVAL,0,12931,13352
1734,1,141958,SAVANNAH FESTIVAL,0,12932,13512
1734,1,138532,SAVANNAH FESTIVAL,0,12931,13352
1734,1,138529,SAVANNAH FESTIVAL,0,12932,13352
1734,1,138533,SAVANNAH FESTIVAL,0,12931,13352
1734,1,138530,SAVANNAH FESTIVAL,0,12932,13352
1734,1,138534,SAVANNAH FESTIVAL,0,12931,13352
1734,1,138538,SAVANNAH FESTIVAL,0,12932,13352
1734,1,138535,SAVANNAH FESTIVAL,0,12931,13352
1734,1,138539,SAVANNAH FESTIVAL,0,12932,13352
1734,1,138536,SAVANNAH FESTIVAL,0,12931,13352
1734,1,138540,SAVANNAH FESTIVAL,0,12932,13352
1734,1,138537,SAVANNAH FESTIVAL,0,12931,13352
1734,1,138541,SAVANNAH FESTIVAL,0,12932,13352
1734,1,138543,TRANSIT CENTER,1,12932,13356
1734,1,138559,TRANSIT CENTER,1,12931,13356
1734,1,138545,TRANSIT CENTER,1,12932,13354
1734,1,138544,TRANSIT CENTER,1,12931,13354
1734,1,138557,TRANSIT CENTER,1,12932,13353
1734,1,138546,TRANSIT CENTER,1,12931,13353
1734,1,138548,TRANSIT CENTER,1,12932,13353
1734,1,138547,TRANSIT CENTER,1,12931,13353
1734,1,138550,TRANSIT CENTER,1,12932,13353
1734,1,138549,TRANSIT CENTER,1,12931,13353
1734,1,138552,TRANSIT CENTER,1,12932,13353
1734,1,138551,TRANSIT CENTER,1,12931,13354
1734,1,138554,TRANSIT CENTER,1,12932,13354
1734,1,138553,TRANSIT CENTER,1,12931,13354
1734,1,138558,TRANSIT CENTER,1,12932,13353
1734,1,138555,TRANSIT CENTER,1,12931,13353
1734,1,138556,TRANSIT CENTER,1,12932,13355
1735,1,138564,COFFEE BLUFF VIA HODGSON MEMORIAL,0,12715,13357
1735,1,138560,COFFEE BLUFF VIA HODGSON MEMORIAL,0,12715,13358
1735,1,138561,LANDINGS TO WALMART,0,12715,13359
1735,1,138562,COFFEE BLUFF VIA HODGSON MEMORIAL,0,12716,13358
1735,1,138563,COFFEE BLUFF VIA HODGSON MEMORIAL,0,12716,13358
1735,1,138565,LANDINGS VIA HODGSON MEMORIAL,1,12715,13360
1735,1,138566,LANDINGS VIA HODGSON MEMORIAL,1,12715,13360
1735,1,138567,LANDINGS VIA HODGSON MEMORIAL,1,12716,13360
1735,1,138568,LANDINGS VIA HODGSON MEMORIAL,1,12716,13360
1736,1,138717,WESTLAKE APTS,0,12726,13363
1736,1,138718,WESTLAKE APTS,0,12723,13363
1736,1,138719,WESTLAKE APTS,0,12726,13363
1736,1,138691,Southern Oaks Court,0,12723,13361
1736,1,138699,Southern Oaks Court,0,12726,13361
1736,1,138707,Southern Oaks Court,0,12725,13361
1736,1,138692,Southern Oaks Court,0,12724,13361
1736,1,138700,Southern Oaks Court,0,12723,13361
1736,1,138708,Southern Oaks Court,0,12726,13361
1736,1,138693,Southern Oaks Court,0,12725,13361
1736,1,138701,Southern Oaks Court,0,12724,13361
1736,1,138709,Southern Oaks Court,0,12723,13361
1736,1,138715,Southern Oaks Court,0,12726,13361
1736,1,138694,Southern Oaks Court,0,12725,13361
1736,1,138702,Southern Oaks Court,0,12724,13361
1736,1,138710,Southern Oaks Court,0,12723,13361
1736,1,138716,Southern Oaks Court,0,12726,13361
1736,1,138695,Southern Oaks Court,0,12725,13361
1736,1,138703,Southern Oaks Court,0,12724,13361
1736,1,138711,Southern Oaks Court,0,12723,13361
1736,1,138704,Southern Oaks Court,0,12726,13361
1736,1,138696,Southern Oaks Court,0,12725,13361
1736,1,138712,Southern Oaks Court,0,12724,13361
1736,1,138697,Southern Oaks Court,0,12723,13361
1736,1,138714,Southern Oaks Court,0,12726,13361
1736,1,138705,Southern Oaks Court,0,12725,13361
1736,1,138713,Southern Oaks Court,0,12724,13361
1736,1,138698,Southern Oaks Court,0,12723,13361
1736,1,138706,Southern Oaks Court,0,12726,13361
1736,1,138720,WESTLAKE APTS,0,12727,13363
1736,1,138721,WESTLAKE APTS,0,12727,13363
1736,1,138722,WESTLAKE APTS,0,12727,13363
1736,1,138723,WESTLAKE APTS,0,12727,13363
1736,1,138724,TRANSIT CENTER,1,12723,13368
1736,1,138754,TRANSIT CENTER,1,12726,13368
1736,1,138753,TRANSIT CENTER,1,12723,13368
1736,1,138732,TRANSIT CENTER,1,12726,13368
1736,1,138740,TRANSIT CENTER,1,12725,13368
1736,1,138725,TRANSIT CENTER,1,12724,13366
1736,1,138733,TRANSIT CENTER,1,12723,13366
1736,1,138741,TRANSIT CENTER,1,12726,13366
1736,1,138726,TRANSIT CENTER,1,12725,13366
1736,1,138734,TRANSIT CENTER,1,12724,13366
1736,1,138742,TRANSIT CENTER,1,12723,13366
1736,1,138755,TRANSIT CENTER,1,12726,13366
1736,1,138727,TRANSIT CENTER,1,12725,13366
1736,1,138735,TRANSIT CENTER,1,12724,13366
1736,1,138743,TRANSIT CENTER,1,12723,13366
1736,1,138728,TRANSIT CENTER,1,12726,13366
1736,1,138736,TRANSIT CENTER,1,12725,13366
1736,1,138744,TRANSIT CENTER,1,12724,13366
1736,1,138729,TRANSIT CENTER,1,12723,13366
1736,1,138737,TRANSIT CENTER,1,12726,13366
1736,1,138745,TRANSIT CENTER,1,12725,13366
1736,1,138756,TRANSIT CENTER,1,12724,13366
1736,1,138730,TRANSIT CENTER,1,12723,13366
1736,1,138738,TRANSIT CENTER,1,12726,13366
1736,1,138746,TRANSIT CENTER,1,12725,13366
1736,1,138747,TRANSIT CENTER,1,12724,13366
1736,1,138739,TRANSIT CENTER,1,12723,13366
1736,1,138749,TRANSIT CENTER,1,12726,13366
1736,1,138757,TRANSIT CENTER,1,12728,13366
1736,1,138748,TRANSIT CENTER,1,12727,13366
1736,1,138751,TRANSIT CENTER,1,12728,13366
1736,1,138752,TRANSIT CENTER,1,12727,13368
1736,1,138731,TRANSIT CENTER,1,12727,13368
1736,1,138750,TRANSIT CENTER,1,12727,13368
1737,1,138844,MEMORIAL HOSPITAL ONLY,0,12735,13371
1737,1,138845,OGLETHORPE MALL,0,12735,13370
1737,1,138830,OGLETHORPE MALL,0,12734,13370
1737,1,138831,OGLETHORPE MALL,0,12735,13370
1737,1,138832,OGLETHORPE MALL,0,12734,13370
1737,1,138833,OGLETHORPE MALL,0,12735,13370
1737,1,138834,OGLETHORPE MALL,0,12734,13370
1737,1,138835,OGLETHORPE MALL,0,12735,13370
1737,1,138836,OGLETHORPE MALL,0,12734,13370
1737,1,138837,OGLETHORPE MALL,0,12735,13370
1737,1,138838,OGLETHORPE MALL,0,12734,13370
1737,1,138839,OGLETHORPE MALL,0,12735,13370
1737,1,138840,OGLETHORPE MALL,0,12734,13370
1737,1,138841,OGLETHORPE MALL,0,12735,13370
1737,1,138842,OGLETHORPE MALL,0,12734,13370
1737,1,138843,OGLETHORPE MALL,0,12735,13370
1737,1,138846,MEMORIAL HOSPITAL ONLY,0,12735,13371
1737,1,138847,TRANSIT CENTER,1,12735,13373
1737,1,138849,TRANSIT CENTER,1,12735,13373
1737,1,138848,TRANSIT CENTER,1,12734,13373
1737,1,138850,TRANSIT CENTER,1,12735,13372
1737,1,138851,TRANSIT CENTER,1,12734,13372
1737,1,138852,TRANSIT CENTER,1,12735,13372
1737,1,138853,TRANSIT CENTER,1,12734,13372
1737,1,138854,TRANSIT CENTER,1,12735,13372
1737,1,138855,TRANSIT CENTER,1,12734,13372
1737,1,138856,TRANSIT CENTER,1,12735,13372
1737,1,138857,TRANSIT CENTER,1,12734,13372
1737,1,138858,TRANSIT CENTER,1,12735,13372
1737,1,138859,TRANSIT CENTER,1,12734,13372
1737,1,138860,TRANSIT CENTER,1,12735,13372
1737,1,138861,TRANSIT CENTER,1,12734,13372
1737,1,138862,TRANSIT CENTER,1,12735,13372
1737,1,138863,TRANSIT CENTER,1,12734,13372
1737,1,138864,TRANSIT CENTER,1,12735,13372
1738,1,138922,WALMART,0,12740,13375
1738,1,138909,WALMART,0,12739,13375
1738,1,138910,WALMART,0,12740,13375
1738,1,138911,WALMART,0,12739,13375
1738,1,138912,WALMART,0,12740,13375
1738,1,138913,WALMART,0,12739,13375
1738,1,138914,WALMART,0,12740,13375
1738,1,138915,WALMART,0,12739,13375
1738,1,138916,WALMART,0,12740,13375
1738,1,138917,WALMART,0,12739,13375
1738,1,138918,WALMART,0,12740,13375
1738,1,138919,WALMART,0,12739,13375
1738,1,138920,WALMART,0,12740,13375
1738,1,138921,WALMART,0,12739,13374
1738,1,138923,TRANSIT CENTER,1,12739,13377
1738,1,138924,TRANSIT CENTER,1,12740,13376
1738,1,138925,TRANSIT CENTER,1,12739,13376
1738,1,138926,TRANSIT CENTER,1,12740,13376
1738,1,138927,TRANSIT CENTER,1,12739,13376
1738,1,138937,TRANSIT CENTER,1,12740,13376
1738,1,138928,TRANSIT CENTER,1,12739,13376
1738,1,138929,TRANSIT CENTER,1,12740,13376
1738,1,138930,TRANSIT CENTER,1,12739,13376
1738,1,138931,TRANSIT CENTER,1,12740,13376
1738,1,138932,TRANSIT CENTER,1,12739,13376
1738,1,138933,TRANSIT CENTER,1,12740,13376
1738,1,138934,TRANSIT CENTER,1,12739,13376
1738,1,138935,TRANSIT CENTER,1,12740,13376
1738,1,138936,TRANSIT CENTER,1,12739,13376
1739,1,139034,CLOVERDALE,0,12744,13381
1739,1,139033,CLOVERDALE VIA AMTRAK,0,12744,13378
1739,1,139035,CLOVERDALE VIA AMTRAK,0,12744,13378
1739,1,139020,CLOVERDALE VIA DISMAS,0,12744,13379
1739,1,139021,CLOVERDALE VIA DISMAS,0,12744,13379
1739,1,139022,CLOVERDALE VIA DISMAS,0,12744,13379
1739,1,139023,CLOVERDALE VIA DISMAS,0,12744,13379
1739,1,139024,CLOVERDALE VIA DISMAS,0,12744,13379
1739,1,139025,CLOVERDALE VIA DISMAS,0,12744,13379
1739,1,139026,CLOVERDALE VIA DISMAS,0,12744,13379
1739,1,139027,CLOVERDALE VIA DISMAS,0,12744,13379
1739,1,139028,CLOVERDALE VIA DISMAS,0,12744,13379
1739,1,139029,CLOVERDALE VIA DISMAS,0,12744,13379
1739,1,139030,CLOVERDALE VIA AMTRAK,0,12744,13378
1739,1,139031,CLOVERDALE VIA AMTRAK,0,12744,13378
1739,1,139032,CLOVERDALE,0,12744,13380
1739,1,139036,CLOVERDALE VIA AMTRAK,0,12744,13378
1739,1,139038,TRANSIT CENTER,1,12744,13382
1739,1,139039,TRANSIT CENTER,1,12744,13382
1739,1,139040,TRANSIT CENTER,1,12744,13382
1739,1,139041,TRANSIT CENTER,1,12744,13382
1739,1,139037,TRANSIT CENTER,1,12744,13382
1739,1,139042,TRANSIT CENTER,1,12744,13382
1739,1,139043,TRANSIT CENTER,1,12744,13382
1739,1,139044,TRANSIT CENTER,1,12744,13382
1739,1,139045,TRANSIT CENTER,1,12744,13382
1739,1,139046,TRANSIT CENTER,1,12744,13382
1739,1,139047,TRANSIT CENTER,1,12744,13382
1739,1,139048,TRANSIT CENTER,1,12744,13382
1739,1,139049,TRANSIT CENTER,1,12744,13382
1739,1,139050,TRANSIT CENTER,1,12744,13382
1739,1,139051,TRANSIT CENTER,1,12744,13382
1739,1,139052,TRANSIT CENTER,1,12744,13382
1739,1,139053,TRANSIT CENTER,1,12744,13382
1740,1,139117,BENTON & TOWNE CTR,0,12749,13384
1740,1,139127,BENTON & TOWNE CTR,0,12750,13384
1740,1,139128,BENTON & TOWNE CTR,0,12751,13384
1740,1,139118,BENTON & TOWNE CTR,0,12749,13384
1740,1,139119,BENTON & TOWNE CTR,0,12750,13384
1740,1,139120,BENTON & TOWNE CTR,0,12749,13384
1740,1,139121,BENTON & TOWNE CTR,0,12750,13384
1740,1,139110,BENTON & TOWNE CTR,0,12749,13384
1740,1,139111,BENTON & TOWNE CTR,0,12750,13384
1740,1,139112,BENTON & TOWNE CTR,0,12749,13384
1740,1,139113,BENTON & TOWNE CTR,0,12750,13384
1740,1,139114,BENTON & TOWNE CTR,0,12749,13384
1740,1,139115,BENTON & TOWNE CTR,0,12750,13384
1740,1,139122,BENTON & TOWNE CTR,0,12749,13384
1740,1,139123,BENTON & TOWNE CTR,0,12750,13384
1740,1,139126,BENTON & TOWNE CTR,0,12749,13384
1740,1,139124,BENTON & TOWNE CTR,0,12750,13384
1740,1,139109,BRAMPTON & MAIN,0,12749,13383
1740,1,139125,BRAMPTON & MAIN,0,12750,13383
1740,1,139116,BRAMPTON & MAIN,0,12750,13383
1740,1,139147,INTERMODAL CENTER,1,12749,13386
1740,1,139131,INTERMODAL CENTER,1,12750,13386
1740,1,139148,INTERMODAL CENTER,1,12751,13386
1740,1,139132,INTERMODAL CENTER,1,12749,13386
1740,1,139133,INTERMODAL CENTER,1,12750,13386
1740,1,139134,INTERMODAL CENTER,1,12749,13386
1740,1,139135,INTERMODAL CENTER,1,12750,13386
1740,1,139136,INTERMODAL CENTER,1,12749,13386
1740,1,139137,INTERMODAL CENTER,1,12750,13386
1740,1,139138,INTERMODAL CENTER,1,12749,13386
1740,1,139139,INTERMODAL CENTER,1,12750,13386
1740,1,139140,INTERMODAL CENTER,1,12749,13386
1740,1,139141,INTERMODAL CENTER,1,12750,13386
1740,1,139142,INTERMODAL CENTER,1,12749,13386
1740,1,139144,INTERMODAL CENTER,1,12750,13386
1740,1,139129,INTERMODAL CENTER,1,12749,13386
1740,1,139143,INTERMODAL CENTER,1,12749,13385
1740,1,139145,INTERMODAL CENTER,1,12750,13386
1740,1,139130,INTERMODAL CENTER,1,12750,13385
1740,1,139146,INTERMODAL CENTER,1,12750,13385
1741,1,139227,HODGSON MEMORIAL,0,12757,13387
1741,1,139230,HODGSON MEMORIAL,0,12759,13387
1741,1,139231,HODGSON MEMORIAL,0,12758,13387
1741,1,139216,HODGSON MEMORIAL,0,12757,13387
1741,1,139226,HODGSON MEMORIAL,0,12758,13387
1741,1,139217,HODGSON MEMORIAL,0,12757,13387
1741,1,139218,HODGSON MEMORIAL,0,12758,13387
1741,1,139219,HODGSON MEMORIAL,0,12757,13387
1741,1,139220,HODGSON MEMORIAL,0,12758,13387
1741,1,139228,HODGSON MEMORIAL,0,12757,13387
1741,1,139221,HODGSON MEMORIAL,0,12758,13387
1741,1,139222,HODGSON MEMORIAL,0,12757,13387
1741,1,139223,HODGSON MEMORIAL,0,12758,13387
1741,1,139215,HODGSON MEMORIAL,0,12757,13387
1741,1,139229,HODGSON MEMORIAL,0,12758,13387
1741,1,139224,HODGSON MEMORIAL,0,12757,13387
1741,1,139225,WALMART,0,12757,13388
1741,1,139246,TRANSIT CENTER,1,12758,13390
1741,1,139232,TRANSIT CENTER,1,12757,13389
1741,1,139249,TRANSIT CENTER,1,12759,13389
1741,1,139234,TRANSIT CENTER,1,12758,13389
1741,1,139235,TRANSIT CENTER,1,12757,13389
1741,1,139247,TRANSIT CENTER,1,12758,13389
1741,1,139236,TRANSIT CENTER,1,12757,13389
1741,1,139233,TRANSIT CENTER,1,12758,13389
1741,1,139237,TRANSIT CENTER,1,12757,13389
1741,1,139238,TRANSIT CENTER,1,12758,13389
1741,1,139240,TRANSIT CENTER,1,12757,13389
1741,1,139241,TRANSIT CENTER,1,12758,13389
1741,1,139242,TRANSIT CENTER,1,12757,13389
1741,1,139243,TRANSIT CENTER,1,12758,13389
1741,1,139244,TRANSIT CENTER,1,12757,13389
1741,1,139239,TRANSIT CENTER,1,12758,13389
1741,1,139248,TRANSIT CENTER,1,12757,13389
1741,1,139245,TRANSIT CENTER,1,12757,13390
1742,1,139334,3RD & MINIS,0,12762,13391
1742,1,139321,3RD & MINIS,0,12762,13392
1742,1,139336,3RD & MINIS,0,12762,13392
1742,1,139322,3RD & MINIS,0,12762,13392
1742,1,139323,3RD & MINIS,0,12762,13394
1742,1,139324,3RD & MINIS,0,12762,13394
1742,1,139333,3RD & MINIS,0,12762,13394
1742,1,139325,3RD & MINIS,0,12762,13394
1742,1,139326,3RD & MINIS,0,12762,13394
1742,1,139327,3RD & MINIS,0,12762,13394
1742,1,139328,3RD & MINIS,0,12762,13393
1742,1,139335,3RD & MINIS,0,12762,13393
1742,1,139332,3RD & MINIS,0,12762,13393
1742,1,139329,3RD & MINIS,0,12762,13393
1742,1,139330,3RD & MINIS,0,12762,13393
1742,1,139331,3RD & MINIS,0,12762,13393
1742,1,139337,TRANSIT CENTER,1,12762,13396
1742,1,139338,TRANSIT CENTER,1,12762,13396
1742,1,139351,TRANSIT CENTER,1,12762,13396
1742,1,139352,TRANSIT CENTER,1,12762,13396
1742,1,139339,TRANSIT CENTER,1,12762,13398
1742,1,139341,TRANSIT CENTER,1,12762,13398
1742,1,139340,TRANSIT CENTER,1,12762,13398
1742,1,139343,TRANSIT CENTER,1,12762,13398
1742,1,139345,TRANSIT CENTER,1,12762,13398
1742,1,139342,TRANSIT CENTER,1,12762,13398
1742,1,139346,TRANSIT CENTER,1,12762,13397
1742,1,139347,TRANSIT CENTER,1,12762,13397
1742,1,139348,TRANSIT CENTER,1,12762,13397
1742,1,139349,TRANSIT CENTER,1,12762,13397
1742,1,139344,TRANSIT CENTER,1,12762,13397
1742,1,139350,TRANSIT CENTER,1,12762,13397
1744,1,141977,LIBERTY PARKING FREE SHUTTLE,0,12936,13402
1744,1,141978,LIBERTY PARKING FREE SHUTTLE,0,12937,13402
1744,1,141979,LIBERTY PARKING FREE SHUTTLE,0,12936,13402
1744,1,141980,LIBERTY PARKING FREE SHUTTLE,0,12937,13402
1744,1,141981,LIBERTY PARKING FREE SHUTTLE,0,12936,13402
1744,1,141982,LIBERTY PARKING FREE SHUTTLE,0,12937,13402
1744,1,141983,LIBERTY PARKING FREE SHUTTLE,0,12936,13402
1744,1,141984,LIBERTY PARKING FREE SHUTTLE,0,12937,13402
1744,1,141985,LIBERTY PARKING FREE SHUTTLE,0,12936,13402
1744,1,141986,LIBERTY PARKING FREE SHUTTLE,0,12937,13402
1744,1,141987,LIBERTY PARKING FREE SHUTTLE,0,12936,13402
1744,1,141988,LIBERTY PARKING FREE SHUTTLE,0,12937,13402
1744,1,141989,LIBERTY PARKING FREE SHUTTLE,0,12936,13402
1744,1,141990,LIBERTY PARKING FREE SHUTTLE,0,12937,13402
1744,1,141991,LIBERTY PARKING FREE SHUTTLE,0,12936,13402
1744,1,141992,LIBERTY PARKING FREE SHUTTLE,0,12937,13402
1744,1,141993,LIBERTY PARKING FREE SHUTTLE,0,12938,13402
1744,1,141994,LIBERTY PARKING FREE SHUTTLE,0,12939,13402
1744,1,141995,LIBERTY PARKING FREE SHUTTLE,0,12938,13402
1744,1,141996,LIBERTY PARKING FREE SHUTTLE,0,12939,13402
1744,1,141997,LIBERTY PARKING FREE SHUTTLE,0,12938,13402
1744,1,141998,LIBERTY PARKING FREE SHUTTLE,0,12939,13402
1744,1,141999,LIBERTY PARKING FREE SHUTTLE,0,12938,13402
1744,1,142000,LIBERTY PARKING FREE SHUTTLE,0,12939,13402
1744,1,142001,LIBERTY PARKING FREE SHUTTLE,0,12938,13402
1744,1,142002,LIBERTY PARKING FREE SHUTTLE,0,12939,13402
1744,1,142003,LIBERTY PARKING FREE SHUTTLE,0,12938,13402
1744,1,142004,LIBERTY PARKING FREE SHUTTLE,0,12939,13402
1744,1,142005,LIBERTY PARKING FREE SHUTTLE,0,12938,13402
1744,1,142006,LIBERTY PARKING FREE SHUTTLE,0,12939,13402
1744,1,142007,LIBERTY PARKING FREE SHUTTLE,0,12938,13402
1744,501,142008,LIBERTY PARKING FREE SHUTTLE,0,12940,13402
1744,501,142009,LIBERTY PARKING FREE SHUTTLE,0,12940,13402
1744,501,142010,LIBERTY PARKING FREE SHUTTLE,0,12940,13402
1744,501,142011,LIBERTY PARKING FREE SHUTTLE,0,12940,13402
1744,501,142012,LIBERTY PARKING FREE SHUTTLE,0,12940,13402
1744,501,142013,LIBERTY PARKING FREE SHUTTLE,0,12940,13402
1744,501,142014,LIBERTY PARKING FREE SHUTTLE,0,12940,13402
1744,501,142015,LIBERTY PARKING FREE SHUTTLE,0,12940,13402
1744,501,142016,LIBERTY PARKING FREE SHUTTLE,0,12940,13402
1744,501,142017,LIBERTY PARKING FREE SHUTTLE,0,12940,13402
1744,501,142018,LIBERTY PARKING FREE SHUTTLE,0,12940,13402
1744,501,142019,LIBERTY PARKING FREE SHUTTLE,0,12940,13402
1744,501,142020,LIBERTY PARKING FREE SHUTTLE,0,12940,13402
1744,501,142021,LIBERTY PARKING FREE SHUTTLE,0,12940,13402
1746,1,139584,SAVANNAH AIRPORT,0,12777,13408
1746,1,139585,SAVANNAH AIRPORT,0,12777,13408
1746,1,139586,SAVANNAH AIRPORT,0,12777,13408
1746,1,139587,SAVANNAH AIRPORT,0,12777,13408
1746,1,139588,SAVANNAH AIRPORT,0,12777,13408
1746,1,139589,SAVANNAH AIRPORT,0,12777,13408
1746,1,139590,SAVANNAH AIRPORT,0,12777,13408
1746,1,139591,SAVANNAH AIRPORT,0,12777,13408
1746,1,139592,SAVANNAH AIRPORT,0,12777,13408
1746,1,139593,SAVANNAH AIRPORT,0,12777,13408
1746,1,139594,SAVANNAH AIRPORT,0,12777,13408
1746,1,139595,SAVANNAH AIRPORT,0,12777,13408
1746,1,139596,SAVANNAH AIRPORT,0,12777,13408
1746,1,139597,TRANSIT CENTER,1,12777,13409
1746,1,139598,TRANSIT CENTER,1,12777,13409
1746,1,139599,TRANSIT CENTER,1,12777,13409
1746,1,139600,TRANSIT CENTER,1,12777,13409
1746,1,139601,TRANSIT CENTER,1,12777,13409
1746,1,139602,TRANSIT CENTER,1,12777,13409
1746,1,139603,TRANSIT CENTER,1,12777,13409
1746,1,139604,TRANSIT CENTER,1,12777,13409
1746,1,139605,TRANSIT CENTER,1,12777,13409
1746,1,139606,TRANSIT CENTER,1,12777,13409
1746,1,139607,TRANSIT CENTER,1,12777,13409
1746,1,139608,TRANSIT CENTER,1,12777,13409
1746,1,139609,TRANSIT CENTER,1,12777,13409
1747,2801,142164,WALMART,0,12953,13410
1747,2801,142165,WALMART,0,12953,13410
1747,2801,142166,WALMART,0,12953,13410
1747,2801,142167,WALMART,0,12953,13410
1747,2801,142168,WALMART,0,12953,13410
1747,2801,142169,WALMART,0,12953,13410
1747,2801,142170,WALMART,0,12953,13410
1747,2801,142171,WALMART,0,12953,13410
1747,2801,142172,SSU,1,12953,13411
1747,2801,142173,SSU,1,12953,13411
1747,2801,142174,SSU,1,12953,13411
1747,2801,142175,SSU,1,12953,13411
1747,2801,142176,SSU,1,12953,13411
1747,2801,142177,SSU,1,12953,13411
1747,2801,142178,SSU,1,12953,13411
1747,2801,142179,SSU,1,12953,13411
1791,501,144222,Broughton & Habersham via SSU,0,13103,13604
1791,501,144223,Broughton & Habersham via SSU,0,13103,13604
1791,501,144224,Broughton & Habersham via SSU,0,13103,13604
1791,501,144225,Broughton & Habersham via SSU,0,13103,13604
1791,501,144226,Broughton & Habersham via SSU,0,13103,13604
1791,501,144227,Broughton & Habersham via SSU,0,13103,13604
1727,2,137704,CHATHAM PLAZA,0,12647,13321
1727,2,137717,CHATHAM PLAZA,0,12648,13321
1727,2,137712,CHATHAM PLAZA,0,12647,13321
1727,2,137713,CHATHAM PLAZA,0,12648,13321
1727,2,137714,CHATHAM PLAZA,0,12647,13321
1727,2,137715,CHATHAM PLAZA,0,12648,13321
1727,2,137719,CHATHAM PLAZA,0,12647,13321
1727,2,137716,CHATHAM PLAZA,0,12648,13321
1727,2,137705,CHATHAM PLAZA,0,12647,13321
1727,2,137706,CHATHAM PLAZA,0,12648,13321
1727,2,137707,CHATHAM PLAZA,0,12647,13321
1727,2,137708,CHATHAM PLAZA,0,12648,13321
1727,2,137709,CHATHAM PLAZA,0,12647,13321
1727,2,137718,CHATHAM PLAZA,0,12648,13321
1727,2,137710,CHATHAM PLAZA,0,12647,13321
1727,2,137711,CHATHAM PLAZA,0,12648,13321
1727,2,137720,TRANSIT CENTER,1,12648,13327
1727,2,137721,TRANSIT CENTER,1,12647,13325
1727,2,137722,TRANSIT CENTER,1,12648,13325
1727,2,137723,TRANSIT CENTER,1,12647,13325
1727,2,137724,TRANSIT CENTER,1,12648,13325
1727,2,137725,TRANSIT CENTER,1,12647,13325
1727,2,137726,TRANSIT CENTER,1,12648,13325
1727,2,137727,TRANSIT CENTER,1,12647,13325
1727,2,137728,TRANSIT CENTER,1,12648,13325
1727,2,137729,TRANSIT CENTER,1,12647,13325
1727,2,137730,TRANSIT CENTER,1,12648,13325
1727,2,137731,TRANSIT CENTER,1,12647,13325
1727,2,137732,TRANSIT CENTER,1,12648,13325
1727,2,137733,TRANSIT CENTER,1,12647,13325
1727,2,137734,TRANSIT CENTER,1,12648,13325
1727,2,137735,TRANSIT CENTER,1,12647,13325
1727,2,137736,TRANSIT CENTER,1,12648,13325
1728,2,142240,,0,12964,13514
1728,2,142241,,0,12965,13514
1728,2,142242,,0,12964,13514
1728,2,142243,,0,12965,13514
1728,2,142244,,0,12964,13514
1728,2,142245,,0,12965,13514
1728,2,142246,,0,12964,13514
1728,2,142247,,0,12965,13514
1728,2,142248,,0,12964,13514
1728,2,142249,,0,12965,13514
1728,2,142250,,0,12964,13514
1728,2,142251,,0,12965,13514
1728,2,142252,,0,12964,13514
1728,2,142253,,0,12965,13514
1728,2,142254,,0,12964,13514
1728,2,142255,,0,12965,13514
1728,2,142256,,0,12964,13514
1728,2,142257,,0,12965,13514
1728,2,142258,,0,12964,13514
1728,2,142259,,0,12965,13514
1728,2,142260,,0,12964,13514
1728,2,142261,,0,12965,13514
1728,2,142262,,0,12964,13514
1728,2,142263,,0,12965,13514
1728,2,142264,,0,12964,13514
1728,2,142265,,0,12965,13514
1728,2,142266,,0,12964,13514
1728,2,142267,,0,12965,13514
1728,2,142268,,0,12964,13514
1729,2,137957, WALMART ON 17,0,12665,13329
1729,2,137944, WALMART ON 17,0,12664,13329
1729,2,137950, WALMART ON 17,0,12665,13329
1729,2,137945, WALMART ON 17,0,12664,13329
1729,2,137951, WALMART ON 17,0,12665,13329
1729,2,137946, WALMART ON 17,0,12664,13329
1729,2,137952, WALMART ON 17,0,12665,13329
1729,2,137947, WALMART ON 17,0,12664,13329
1729,2,137953, WALMART ON 17,0,12665,13329
1729,2,137948, WALMART ON 17,0,12664,13329
1729,2,137954, WALMART ON 17,0,12665,13329
1729,2,137958, WALMART ON 17,0,12664,13329
1729,2,137955, WALMART ON 17,0,12665,13329
1729,2,137949, WALMART ON 17,0,12664,13329
1729,2,137956, WALMART ON 17,0,12665,13329
1729,2,137959, WALMART ON 17,0,12664,13329
1729,2,137960,HODGSON MEMORIAL,1,12665,13331
1729,2,137961,HODGSON MEMORIAL,1,12664,13331
1729,2,137962,HODGSON MEMORIAL,1,12665,13331
1729,2,137963,HODGSON MEMORIAL,1,12664,13331
1729,2,137964,HODGSON MEMORIAL,1,12665,13331
1729,2,137965,HODGSON MEMORIAL,1,12664,13331
1729,2,137966,HODGSON MEMORIAL,1,12665,13331
1729,2,137967,HODGSON MEMORIAL,1,12664,13331
1729,2,137968,HODGSON MEMORIAL,1,12665,13331
1729,2,137973,HODGSON MEMORIAL,1,12664,13331
1729,2,137969,HODGSON MEMORIAL,1,12665,13331
1729,2,137970,HODGSON MEMORIAL,1,12664,13331
1729,2,137974,HODGSON MEMORIAL,1,12665,13331
1729,2,137971,HODGSON MEMORIAL,1,12664,13331
1729,2,137972,HODGSON MEMORIAL,1,12665,13331
1730,2,138029, PENN WALLER & JOHNNY MERCER,0,12671,13335
1730,2,138030, PENN WALLER & JOHNNY MERCER,0,12672,13335
1730,2,138031, PENN WALLER & JOHNNY MERCER,0,12671,13335
1730,2,138032, PENN WALLER & JOHNNY MERCER,0,12672,13335
1730,2,138033, PENN WALLER & JOHNNY MERCER,0,12671,13335
1730,2,138034, PENN WALLER & JOHNNY MERCER,0,12672,13335
1730,2,138035, PENN WALLER & JOHNNY MERCER,0,12671,13335
1730,2,138036, PENN WALLER & JOHNNY MERCER,0,12672,13335
1730,2,138037, PENN WALLER & JOHNNY MERCER,0,12671,13335
1730,2,138038, PENN WALLER & JOHNNY MERCER,0,12672,13335
1730,2,138039, PENN WALLER & JOHNNY MERCER,0,12671,13335
1730,2,138040, PENN WALLER & JOHNNY MERCER,0,12672,13335
1730,2,138041, PENN WALLER & JOHNNY MERCER,0,12671,13335
1730,2,138042,ISLAND TOWNE CENTRE,0,12672,13334
1730,2,138043,ISLAND TOWNE CENTRE,0,12671,13334
1730,2,138044,GREGORY & RIVERVIEW,0,12671,13333
1730,2,138045,GREGORY & RIVERVIEW,0,12671,13333
1730,2,138059,TRANSIT CENTER,1,12671,13336
1730,2,138061,TRANSIT CENTER,1,12672,13339
1730,2,138046,TRANSIT CENTER,1,12671,13338
1730,2,138047,TRANSIT CENTER,1,12672,13338
1730,2,138048,TRANSIT CENTER,1,12671,13338
1730,2,138049,TRANSIT CENTER,1,12672,13338
1730,2,138050,TRANSIT CENTER,1,12671,13338
1730,2,138051,TRANSIT CENTER,1,12672,13338
1730,2,138052,TRANSIT CENTER,1,12671,13338
1730,2,138053,TRANSIT CENTER,1,12672,13338
1730,2,138054,TRANSIT CENTER,1,12671,13338
1730,2,138055,TRANSIT CENTER,1,12672,13338
1730,2,138056,TRANSIT CENTER,1,12671,13338
1730,2,138057,TRANSIT CENTER,1,12672,13338
1730,2,138062,TRANSIT CENTER,1,12671,13338
1730,2,138058,TRANSIT CENTER,1,12671,13337
1730,2,138060,TRANSIT CENTER,1,12671,13336
1732,2,138164,ISLAND TOWNE CENTRE VIA SSU,0,12682,13343
1732,2,138165,ISLAND TOWNE CENTRE VIA SSU,0,12683,13343
1732,2,138166,ISLAND TOWNE CENTRE VIA SSU,0,12682,13343
1732,2,138167,ISLAND TOWNE CENTRE VIA SSU,0,12683,13343
1732,2,138159,ISLAND TOWNE CENTRE VIA SSU,0,12682,13343
1732,2,138163,ISLAND TOWNE CENTRE VIA SSU,0,12683,13343
1732,2,138160,ISLAND TOWNE CENTRE VIA SSU,0,12682,13343
1732,2,138161,ISLAND TOWNE CENTRE VIA SSU,0,12683,13343
1732,2,138162,ISLAND TOWNE CENTRE VIA SSU,0,12682,13343
1732,2,138168,ISLAND TOWNE CENTRE VIA SSU,0,12683,13343
1732,2,138169,ISLAND TOWNE CENTRE VIA SSU,0,12682,13343
1732,2,138170,ISLAND TOWNE CENTRE VIA SSU,0,12683,13343
1732,2,138171,ISLAND TOWNE CENTRE VIA SSU,0,12682,13343
1732,2,138172,SAVANNAH STATE UNIVERSITY,0,12683,13344
1732,2,138173,SAVANNAH STATE UNIVERSITY,0,12683,13344
1732,2,138174,SAVANNAH STATE UNIVERSITY,0,12683,13344
1732,2,138183, W 51ST & HOPKINS,1,12682,13345
1732,2,138175, W 51ST & HOPKINS,1,12683,13345
1732,2,138176, W 51ST & HOPKINS,1,12682,13345
1732,2,138177, W 51ST & HOPKINS,1,12683,13345
1732,2,138184, W 51ST & HOPKINS,1,12682,13345
1732,2,138185, W 51ST & HOPKINS,1,12683,13345
1732,2,138186, W 51ST & HOPKINS,1,12682,13345
1732,2,138187, W 51ST & HOPKINS,1,12683,13345
1732,2,138188, W 51ST & HOPKINS,1,12682,13345
1732,2,138178, W 51ST & HOPKINS,1,12683,13345
1732,2,138179, W 51ST & HOPKINS,1,12682,13345
1732,2,138189, W 51ST & HOPKINS,1,12683,13345
1732,2,138180, W 51ST & HOPKINS,1,12682,13345
1732,2,138190,W 51ST & HOPKINS,1,12683,13346
1732,2,138181,W 51ST & HOPKINS,1,12683,13346
1732,2,138182,W 51ST & HOPKINS,1,12683,13346
1733,2,138290,SAVANNAH MALL,0,12694,13347
1733,2,138291,SAVANNAH MALL,0,12695,13348
1733,2,138292,SAVANNAH MALL,0,12696,13347
1733,2,138293,SAVANNAH MALL,0,12697,13348
1733,2,138294,SAVANNAH MALL,0,12698,13347
1733,2,138295,SAVANNAH MALL,0,12694,13348
1733,2,138296,SAVANNAH MALL,0,12695,13347
1733,2,138297,SAVANNAH MALL,0,12696,13348
1733,2,138298,SAVANNAH MALL,0,12697,13347
1733,2,138299,SAVANNAH MALL,0,12698,13348
1733,2,138300,SAVANNAH MALL,0,12694,13347
1733,2,138301,SAVANNAH MALL,0,12695,13348
1733,2,138302,SAVANNAH MALL,0,12696,13347
1733,2,138303,SAVANNAH MALL,0,12697,13348
1733,2,138304,SAVANNAH MALL,0,12698,13347
1733,2,138305,SAVANNAH MALL,0,12694,13348
1733,2,138306,SAVANNAH MALL,0,12695,13347
1733,2,138307,SAVANNAH MALL,0,12696,13348
1733,2,138308,SAVANNAH MALL,0,12697,13347
1733,2,138309,SAVANNAH MALL,0,12698,13348
1733,2,138310,SAVANNAH MALL,0,12694,13347
1733,2,138311,SAVANNAH MALL,0,12695,13348
1733,2,138312,SAVANNAH MALL,0,12696,13347
1733,2,138313,SAVANNAH MALL,0,12697,13348
1733,2,138314,SAVANNAH MALL,0,12698,13347
1733,2,138315,SAVANNAH MALL,0,12694,13348
1733,2,138316,SAVANNAH MALL,0,12695,13347
1733,2,138317,SAVANNAH MALL,0,12696,13348
1733,2,138318,SAVANNAH MALL,0,12698,13348
1733,2,138319,SAVANNAH MALL,0,12695,13348
1733,2,138320,SAVANNAH MALL,0,12698,13348
1733,2,138321,SAVANNAH MALL,0,12695,13348
1733,2,138322,SAVANNAH MALL,0,12698,13348
1733,2,138323,TRANSIT CENTER,1,12698,13349
1733,2,138324,TRANSIT CENTER,1,12694,13350
1733,2,138325,TRANSIT CENTER,1,12695,13349
1733,2,138326,TRANSIT CENTER,1,12696,13350
1733,2,138327,TRANSIT CENTER,1,12697,13349
1733,2,138328,TRANSIT CENTER,1,12698,13350
1733,2,138329,TRANSIT CENTER,1,12694,13349
1733,2,138330,TRANSIT CENTER,1,12695,13350
1733,2,138331,TRANSIT CENTER,1,12696,13349
1733,2,138332,TRANSIT CENTER,1,12697,13350
1733,2,138333,TRANSIT CENTER,1,12698,13349
1733,2,138334,TRANSIT CENTER,1,12694,13350
1733,2,138335,TRANSIT CENTER,1,12695,13349
1733,2,138336,TRANSIT CENTER,1,12696,13350
1733,2,138337,TRANSIT CENTER,1,12697,13349
1733,2,138338,TRANSIT CENTER,1,12698,13350
1733,2,138339,TRANSIT CENTER,1,12694,13349
1733,2,138340,TRANSIT CENTER,1,12695,13350
1733,2,138341,TRANSIT CENTER,1,12696,13349
1733,2,138342,TRANSIT CENTER,1,12697,13350
1733,2,138343,TRANSIT CENTER,1,12698,13349
1733,2,138344,TRANSIT CENTER,1,12694,13350
1733,2,138345,TRANSIT CENTER,1,12695,13349
1733,2,138346,TRANSIT CENTER,1,12696,13350
1733,2,138347,TRANSIT CENTER,1,12697,13349
1733,2,138348,TRANSIT CENTER,1,12698,13350
1733,2,138349,TRANSIT CENTER,1,12694,13349
1733,2,138350,TRANSIT CENTER,1,12695,13350
1733,2,138351,TRANSIT CENTER,1,12696,13349
1733,2,138352,TRANSIT CENTER,1,12698,13349
1733,2,138353,TRANSIT CENTER,1,12695,13349
1733,2,138354,TRANSIT CENTER,1,12698,13349
1733,2,138355,TRANSIT CENTER,1,12695,13349
1734,2,138496,SUPER WALMART ON HWY 17,0,12710,13351
1734,2,138497,SAVANNAH FESTIVAL,0,12711,13352
1734,2,138483,SAVANNAH FESTIVAL,0,12710,13352
1734,2,138484,SAVANNAH FESTIVAL,0,12711,13352
1734,2,138485,SAVANNAH FESTIVAL,0,12710,13352
1734,2,138486,SAVANNAH FESTIVAL,0,12711,13352
1734,2,138488,SAVANNAH FESTIVAL,0,12710,13352
1734,2,138487,SAVANNAH FESTIVAL,0,12711,13352
1734,2,138490,SAVANNAH FESTIVAL,0,12710,13352
1734,2,138489,SAVANNAH FESTIVAL,0,12711,13352
1734,2,138498,SAVANNAH FESTIVAL,0,12710,13352
1734,2,138491,SAVANNAH FESTIVAL,0,12711,13352
1734,2,138492,SAVANNAH FESTIVAL,0,12710,13352
1734,2,138493,SAVANNAH FESTIVAL,0,12711,13352
1734,2,138494,SAVANNAH FESTIVAL,0,12710,13352
1734,2,138495,SAVANNAH FESTIVAL,0,12711,13352
1734,2,138499,TRANSIT CENTER,1,12710,13356
1734,2,138510,TRANSIT CENTER,1,12711,13353
1734,2,138500,TRANSIT CENTER,1,12710,13353
1734,2,138501,TRANSIT CENTER,1,12711,13353
1734,2,138502,TRANSIT CENTER,1,12710,13353
1734,2,138503,TRANSIT CENTER,1,12711,13353
1734,2,138504,TRANSIT CENTER,1,12710,13353
1734,2,138505,TRANSIT CENTER,1,12711,13353
1734,2,138506,TRANSIT CENTER,1,12710,13353
1734,2,138511,TRANSIT CENTER,1,12711,13353
1734,2,138507,TRANSIT CENTER,1,12710,13353
1734,2,138512,TRANSIT CENTER,1,12711,13353
1734,2,138508,TRANSIT CENTER,1,12710,13353
1734,2,138513,TRANSIT CENTER,1,12711,13353
1734,2,138509,TRANSIT CENTER,1,12710,13353
1734,2,138514,TRANSIT CENTER,1,12711,13353
1736,2,138607,WESTLAKE APTS,0,12719,13362
1736,2,138609,WESTLAKE APTS,0,12720,13363
1736,2,138608,WESTLAKE APTS,0,12719,13363
1736,2,138610,WESTLAKE APTS,0,12720,13363
1736,2,138611,DETENTION CENTER,0,12719,13364
1736,2,138619,DETENTION CENTER,0,12720,13364
1736,2,138612,DETENTION CENTER,0,12719,13364
1736,2,138620,DETENTION CENTER,0,12720,13364
1736,2,138613,DETENTION CENTER,0,12719,13364
1736,2,138621,DETENTION CENTER,0,12720,13364
1736,2,138614,DETENTION CENTER,0,12719,13364
1736,2,138622,DETENTION CENTER,0,12720,13364
1736,2,138615,DETENTION CENTER,0,12719,13364
1736,2,138623,DETENTION CENTER,0,12720,13364
1736,2,138616,DETENTION CENTER,0,12719,13364
1736,2,138624,DETENTION CENTER,0,12720,13364
1736,2,138617,DETENTION CENTER,0,12719,13364
1736,2,138625,DETENTION CENTER,0,12720,13364
1736,2,138618,DETENTION CENTER,0,12719,13364
1736,2,138626,WESTLAKE APTS,0,12720,13363
1736,2,138627,WESTLAKE APTS,0,12719,13363
1736,2,138628,WESTLAKE APTS,0,12719,13363
1736,2,138629,WESTLAKE APTS,0,12719,13363
1736,2,138630,WESTLAKE APTS,0,12719,13363
1736,2,138631,WESTLAKE APTS,0,12719,13363
1736,2,138632,TRANSIT CENTER,1,12719,13368
1736,2,138634,TRANSIT CENTER,1,12720,13365
1736,2,138635,TRANSIT CENTER,1,12720,13367
1736,2,138633,TRANSIT CENTER,1,12719,13367
1736,2,138636,TRANSIT CENTER,1,12720,13367
1736,2,138637,TRANSIT CENTER,1,12719,13369
1736,2,138645,TRANSIT CENTER,1,12720,13369
1736,2,138638,TRANSIT CENTER,1,12719,13369
1736,2,138646,TRANSIT CENTER,1,12720,13369
1736,2,138639,TRANSIT CENTER,1,12719,13369
1736,2,138647,TRANSIT CENTER,1,12720,13369
1736,2,138640,TRANSIT CENTER,1,12719,13369
1736,2,138648,TRANSIT CENTER,1,12720,13369
1736,2,138641,TRANSIT CENTER,1,12719,13369
1736,2,138649,TRANSIT CENTER,1,12720,13369
1736,2,138642,TRANSIT CENTER,1,12719,13369
1736,2,138650,TRANSIT CENTER,1,12720,13369
1736,2,138643,TRANSIT CENTER,1,12719,13369
1736,2,138651,TRANSIT CENTER,1,12720,13369
1736,2,138644,TRANSIT CENTER,1,12719,13369
1736,2,138652,TRANSIT CENTER,1,12720,13367
1736,2,138653,TRANSIT CENTER,1,12719,13367
1736,2,138654,TRANSIT CENTER,1,12719,13367
1736,2,138655,TRANSIT CENTER,1,12719,13367
1736,2,138656,TRANSIT CENTER,1,12719,13367
1737,2,138786,MEMORIAL HOSPITAL ONLY,0,12731,13371
1737,2,138787,OGLETHORPE MALL,0,12731,13370
1737,2,138772,OGLETHORPE MALL,0,12730,13370
1737,2,138773,OGLETHORPE MALL,0,12731,13370
1737,2,138774,OGLETHORPE MALL,0,12730,13370
1737,2,138775,OGLETHORPE MALL,0,12731,13370
1737,2,138776,OGLETHORPE MALL,0,12730,13370
1737,2,138777,OGLETHORPE MALL,0,12731,13370
1737,2,138778,OGLETHORPE MALL,0,12730,13370
1737,2,138779,OGLETHORPE MALL,0,12731,13370
1737,2,138780,OGLETHORPE MALL,0,12730,13370
1737,2,138781,OGLETHORPE MALL,0,12731,13370
1737,2,138782,OGLETHORPE MALL,0,12730,13370
1737,2,138783,OGLETHORPE MALL,0,12731,13370
1737,2,138784,OGLETHORPE MALL,0,12730,13370
1737,2,138785,OGLETHORPE MALL,0,12731,13370
1737,2,138788,TRANSIT CENTER,1,12731,13373
1737,2,138790,TRANSIT CENTER,1,12731,13373
1737,2,138789,TRANSIT CENTER,1,12730,13373
1737,2,138791,TRANSIT CENTER,1,12731,13372
1737,2,138792,TRANSIT CENTER,1,12730,13372
1737,2,138793,TRANSIT CENTER,1,12731,13372
1737,2,138794,TRANSIT CENTER,1,12730,13372
1737,2,138795,TRANSIT CENTER,1,12731,13372
1737,2,138796,TRANSIT CENTER,1,12730,13372
1737,2,138797,TRANSIT CENTER,1,12731,13372
1737,2,138798,TRANSIT CENTER,1,12730,13372
1737,2,138799,TRANSIT CENTER,1,12731,13372
1737,2,138800,TRANSIT CENTER,1,12730,13372
1737,2,138801,TRANSIT CENTER,1,12731,13372
1737,2,138802,TRANSIT CENTER,1,12730,13372
1737,2,138803,TRANSIT CENTER,1,12731,13372
1737,2,138804,TRANSIT CENTER,1,12730,13372
1737,2,138805,TRANSIT CENTER,1,12731,13372
1738,2,138892,WALMART,0,12738,13375
1738,2,138880,WALMART,0,12737,13375
1738,2,138881,WALMART,0,12738,13375
1738,2,138882,WALMART,0,12737,13375
1738,2,138883,WALMART,0,12738,13375
1738,2,138884,WALMART,0,12737,13375
1738,2,138885,WALMART,0,12738,13375
1738,2,138886,WALMART,0,12737,13375
1738,2,138887,WALMART,0,12738,13375
1738,2,138888,WALMART,0,12737,13375
1738,2,138889,WALMART,0,12738,13375
1738,2,138890,WALMART,0,12737,13375
1738,2,138891,WALMART,0,12738,13375
1738,2,138893,WALMART,0,12737,13374
1738,2,138894,TRANSIT CENTER,1,12737,13377
1738,2,138895,TRANSIT CENTER,1,12738,13376
1738,2,138896,TRANSIT CENTER,1,12737,13376
1738,2,138897,TRANSIT CENTER,1,12738,13376
1738,2,138898,TRANSIT CENTER,1,12737,13376
1738,2,138907,TRANSIT CENTER,1,12738,13376
1738,2,138899,TRANSIT CENTER,1,12737,13376
1738,2,138900,TRANSIT CENTER,1,12738,13376
1738,2,138901,TRANSIT CENTER,1,12737,13376
1738,2,138902,TRANSIT CENTER,1,12738,13376
1738,2,138903,TRANSIT CENTER,1,12737,13376
1738,2,138904,TRANSIT CENTER,1,12738,13376
1738,2,138905,TRANSIT CENTER,1,12737,13376
1738,2,138906,TRANSIT CENTER,1,12738,13376
1738,2,138908,TRANSIT CENTER,1,12737,13376
1739,2,138978,CLOVERDALE,0,12742,13381
1739,2,138977,CLOVERDALE VIA AMTRAK,0,12742,13378
1739,2,138979,CLOVERDALE VIA AMTRAK,0,12742,13378
1739,2,138964,CLOVERDALE VIA DISMAS,0,12742,13379
1739,2,138965,CLOVERDALE VIA DISMAS,0,12742,13379
1739,2,138966,CLOVERDALE VIA DISMAS,0,12742,13379
1739,2,138967,CLOVERDALE VIA DISMAS,0,12742,13379
1739,2,138968,CLOVERDALE VIA DISMAS,0,12742,13379
1739,2,138969,CLOVERDALE VIA DISMAS,0,12742,13379
1739,2,138970,CLOVERDALE VIA DISMAS,0,12742,13379
1739,2,138971,CLOVERDALE VIA DISMAS,0,12742,13379
1739,2,138972,CLOVERDALE VIA DISMAS,0,12742,13379
1739,2,138973,CLOVERDALE VIA DISMAS,0,12742,13379
1739,2,138974,CLOVERDALE VIA AMTRAK,0,12742,13378
1739,2,138975,CLOVERDALE VIA AMTRAK,0,12742,13378
1739,2,138976,CLOVERDALE,0,12742,13380
1739,2,138980,CLOVERDALE VIA AMTRAK,0,12742,13378
1739,2,138982,TRANSIT CENTER,1,12742,13382
1739,2,138983,TRANSIT CENTER,1,12742,13382
1739,2,138984,TRANSIT CENTER,1,12742,13382
1739,2,138985,TRANSIT CENTER,1,12742,13382
1739,2,138981,TRANSIT CENTER,1,12742,13382
1739,2,138986,TRANSIT CENTER,1,12742,13382
1739,2,138987,TRANSIT CENTER,1,12742,13382
1739,2,138988,TRANSIT CENTER,1,12742,13382
1739,2,138989,TRANSIT CENTER,1,12742,13382
1739,2,138990,TRANSIT CENTER,1,12742,13382
1739,2,138991,TRANSIT CENTER,1,12742,13382
1739,2,138992,TRANSIT CENTER,1,12742,13382
1739,2,138993,TRANSIT CENTER,1,12742,13382
1739,2,138994,TRANSIT CENTER,1,12742,13382
1739,2,138995,TRANSIT CENTER,1,12742,13382
1739,2,138996,TRANSIT CENTER,1,12742,13382
1739,2,138997,TRANSIT CENTER,1,12742,13382
1740,2,139073,BENTON & TOWNE CTR,0,12746,13384
1740,2,139084,BENTON & TOWNE CTR,0,12747,13384
1740,2,139074,BENTON & TOWNE CTR,0,12746,13384
1740,2,139075,BENTON & TOWNE CTR,0,12747,13384
1740,2,139076,BENTON & TOWNE CTR,0,12746,13384
1740,2,139077,BENTON & TOWNE CTR,0,12747,13384
1740,2,139067,BENTON & TOWNE CTR,0,12746,13384
1740,2,139068,BENTON & TOWNE CTR,0,12747,13384
1740,2,139069,BENTON & TOWNE CTR,0,12746,13384
1740,2,139070,BENTON & TOWNE CTR,0,12747,13384
1740,2,139071,BENTON & TOWNE CTR,0,12746,13384
1740,2,139072,BENTON & TOWNE CTR,0,12747,13384
1740,2,139078,BENTON & TOWNE CTR,0,12746,13384
1740,2,139079,BENTON & TOWNE CTR,0,12747,13384
1740,2,139082,BENTON & TOWNE CTR,0,12746,13384
1740,2,139080,BENTON & TOWNE CTR,0,12747,13384
1740,2,139066,BENTON & TOWNE CTR,0,12746,13384
1740,2,139081,BRAMPTON & MAIN,0,12747,13383
1740,2,139083,BRAMPTON & MAIN,0,12747,13383
1740,2,139102,INTERMODAL CENTER,1,12746,13386
1740,2,139087,INTERMODAL CENTER,1,12747,13386
1740,2,139088,INTERMODAL CENTER,1,12746,13386
1740,2,139089,INTERMODAL CENTER,1,12747,13386
1740,2,139090,INTERMODAL CENTER,1,12746,13386
1740,2,139091,INTERMODAL CENTER,1,12747,13386
1740,2,139092,INTERMODAL CENTER,1,12746,13386
1740,2,139093,INTERMODAL CENTER,1,12747,13386
1740,2,139094,INTERMODAL CENTER,1,12746,13386
1740,2,139095,INTERMODAL CENTER,1,12747,13386
1740,2,139096,INTERMODAL CENTER,1,12746,13386
1740,2,139097,INTERMODAL CENTER,1,12747,13386
1740,2,139098,INTERMODAL CENTER,1,12746,13386
1740,2,139099,INTERMODAL CENTER,1,12747,13386
1740,2,139085,INTERMODAL CENTER,1,12746,13386
1740,2,139100,INTERMODAL CENTER,1,12747,13386
1740,2,139086,INTERMODAL CENTER,1,12747,13385
1740,2,139101,INTERMODAL CENTER,1,12747,13385
1741,2,139184,HODGSON MEMORIAL,0,12754,13387
1741,2,139175,HODGSON MEMORIAL,0,12755,13387
1741,2,139174,HODGSON MEMORIAL,0,12754,13387
1741,2,139187,HODGSON MEMORIAL,0,12755,13387
1741,2,139176,HODGSON MEMORIAL,0,12754,13387
1741,2,139177,HODGSON MEMORIAL,0,12755,13387
1741,2,139178,HODGSON MEMORIAL,0,12754,13387
1741,2,139179,HODGSON MEMORIAL,0,12755,13387
1741,2,139180,HODGSON MEMORIAL,0,12754,13387
1741,2,139181,HODGSON MEMORIAL,0,12755,13387
1741,2,139182,HODGSON MEMORIAL,0,12754,13387
1741,2,139183,HODGSON MEMORIAL,0,12755,13387
1741,2,139173,HODGSON MEMORIAL,0,12754,13387
1741,2,139185,HODGSON MEMORIAL,0,12754,13387
1741,2,139186,WALMART,0,12754,13388
1741,2,139188,TRANSIT CENTER,1,12754,13389
1741,2,139190,TRANSIT CENTER,1,12755,13389
1741,2,139191,TRANSIT CENTER,1,12754,13389
1741,2,139192,TRANSIT CENTER,1,12755,13389
1741,2,139193,TRANSIT CENTER,1,12754,13389
1741,2,139189,TRANSIT CENTER,1,12755,13389
1741,2,139194,TRANSIT CENTER,1,12754,13389
1741,2,139195,TRANSIT CENTER,1,12755,13389
1741,2,139197,TRANSIT CENTER,1,12754,13389
1741,2,139198,TRANSIT CENTER,1,12755,13389
1741,2,139199,TRANSIT CENTER,1,12754,13389
1741,2,139200,TRANSIT CENTER,1,12755,13389
1741,2,139201,TRANSIT CENTER,1,12754,13389
1741,2,139196,TRANSIT CENTER,1,12754,13389
1741,2,139202,TRANSIT CENTER,1,12754,13390
1742,2,139279,3RD & MINIS,0,12761,13391
1742,2,139280,3RD & MINIS,0,12761,13392
1742,2,139281,3RD & MINIS,0,12761,13392
1742,2,139282,3RD & MINIS,0,12761,13392
1742,2,139283,3RD & MINIS,0,12761,13394
1742,2,139284,3RD & MINIS,0,12761,13394
1742,2,139285,3RD & MINIS,0,12761,13394
1742,2,139286,3RD & MINIS,0,12761,13394
1742,2,139287,3RD & MINIS,0,12761,13394
1742,2,139288,3RD & MINIS,0,12761,13394
1742,2,139289,3RD & MINIS,0,12761,13393
1742,2,139294,3RD & MINIS,0,12761,13393
1742,2,139290,3RD & MINIS,0,12761,13393
1742,2,139291,3RD & MINIS,0,12761,13393
1742,2,139292,3RD & MINIS,0,12761,13393
1742,2,139293,3RD & MINIS,0,12761,13393
1742,2,139295,TRANSIT CENTER,1,12761,13396
1742,2,139296,TRANSIT CENTER,1,12761,13396
1742,2,139309,TRANSIT CENTER,1,12761,13396
1742,2,139310,TRANSIT CENTER,1,12761,13396
1742,2,139297,TRANSIT CENTER,1,12761,13398
1742,2,139299,TRANSIT CENTER,1,12761,13398
1742,2,139298,TRANSIT CENTER,1,12761,13398
1742,2,139301,TRANSIT CENTER,1,12761,13398
1742,2,139303,TRANSIT CENTER,1,12761,13398
1742,2,139300,TRANSIT CENTER,1,12761,13398
1742,2,139304,TRANSIT CENTER,1,12761,13397
1742,2,139305,TRANSIT CENTER,1,12761,13397
1742,2,139306,TRANSIT CENTER,1,12761,13397
1742,2,139307,TRANSIT CENTER,1,12761,13397
1742,2,139302,TRANSIT CENTER,1,12761,13397
1742,2,139308,TRANSIT CENTER,1,12761,13397
1744,2,142121,LIBERTY PARKING FREE SHUTTLE,0,12950,13402
1744,2,142122,LIBERTY PARKING FREE SHUTTLE,0,12950,13402
1744,2,142123,LIBERTY PARKING FREE SHUTTLE,0,12950,13402
1744,2,142124,LIBERTY PARKING FREE SHUTTLE,0,12950,13402
1744,2,142125,LIBERTY PARKING FREE SHUTTLE,0,12950,13402
1744,2,142126,LIBERTY PARKING FREE SHUTTLE,0,12950,13402
1744,2,142127,LIBERTY PARKING FREE SHUTTLE,0,12950,13402
1744,2,142128,LIBERTY PARKING FREE SHUTTLE,0,12950,13402
1744,2,142129,LIBERTY PARKING FREE SHUTTLE,0,12950,13402
1744,2,142130,LIBERTY PARKING FREE SHUTTLE,0,12950,13402
1744,2,142131,LIBERTY PARKING FREE SHUTTLE,0,12950,13402
1744,2,142132,LIBERTY PARKING FREE SHUTTLE,0,12950,13402
1744,2,142133,LIBERTY PARKING FREE SHUTTLE,0,12950,13402
1744,2,142134,LIBERTY PARKING FREE SHUTTLE,0,12950,13402
1746,2,139542,SAVANNAH AIRPORT,0,12775,13408
1746,2,139543,SAVANNAH AIRPORT,0,12775,13408
1746,2,139544,SAVANNAH AIRPORT,0,12775,13408
1746,2,139545,SAVANNAH AIRPORT,0,12775,13408
1746,2,139546,SAVANNAH AIRPORT,0,12775,13408
1746,2,139547,SAVANNAH AIRPORT,0,12775,13408
1746,2,139548,SAVANNAH AIRPORT,0,12775,13408
1746,2,139549,SAVANNAH AIRPORT,0,12775,13408
1746,2,139550,SAVANNAH AIRPORT,0,12775,13408
1746,2,139551,SAVANNAH AIRPORT,0,12775,13408
1746,2,139552,SAVANNAH AIRPORT,0,12775,13408
1746,2,139553,SAVANNAH AIRPORT,0,12775,13408
1746,2,139554,SAVANNAH AIRPORT,0,12775,13408
1746,2,139555,TRANSIT CENTER,1,12775,13409
1746,2,139556,TRANSIT CENTER,1,12775,13409
1746,2,139557,TRANSIT CENTER,1,12775,13409
1746,2,139558,TRANSIT CENTER,1,12775,13409
1746,2,139559,TRANSIT CENTER,1,12775,13409
1746,2,139560,TRANSIT CENTER,1,12775,13409
1746,2,139561,TRANSIT CENTER,1,12775,13409
1746,2,139562,TRANSIT CENTER,1,12775,13409
1746,2,139563,TRANSIT CENTER,1,12775,13409
1746,2,139564,TRANSIT CENTER,1,12775,13409
1746,2,139565,TRANSIT CENTER,1,12775,13409
1746,2,139566,TRANSIT CENTER,1,12775,13409
1746,2,139567,TRANSIT CENTER,1,12775,13409
1747,2,139611,WALMART,0,12778,13410
1747,2,139612,WALMART,0,12778,13410
1747,2,139613,WALMART,0,12778,13410
1747,2,139614,WALMART,0,12778,13410
1747,2,139615,WALMART,0,12778,13410
1747,2,139616,WALMART,0,12778,13410
1747,2,139617,WALMART,0,12778,13410
1747,2,139618,WALMART,0,12778,13410
1747,2,139621,SSU,1,12778,13411
1747,2,139622,SSU,1,12778,13411
1747,2,139623,SSU,1,12778,13411
1747,2,139624,SSU,1,12778,13411
1747,2,139625,SSU,1,12778,13411
1747,2,139626,SSU,1,12778,13411
1747,2,139627,SSU,1,12778,13411
1747,2,139628,SSU,1,12778,13411
1791,2,144234,Broughton & Habersham via SSU,0,13104,13604
1791,2,144235,Broughton & Habersham via SSU,0,13104,13604
1791,2,144236,Broughton & Habersham via SSU,0,13104,13604
1791,2,144237,Broughton & Habersham via SSU,0,13104,13604
1791,2,144238,Broughton & Habersham via SSU,0,13104,13604
1791,2,144239,Broughton & Habersham via SSU,0,13104,13604
1728,3,142269,,0,12966,13514
1728,3,142270,,0,12967,13514
1728,3,142271,,0,12966,13514
1728,3,142272,,0,12967,13514
1728,3,142273,,0,12966,13514
1728,3,142274,,0,12967,13514
1728,3,142275,,0,12966,13514
1728,3,142276,,0,12967,13514
1728,3,142277,,0,12966,13514
1728,3,142278,,0,12967,13514
1728,3,142279,,0,12966,13514
1728,3,142280,,0,12967,13514
1728,3,142281,,0,12966,13514
1728,3,142282,,0,12967,13514
1728,3,142283,,0,12966,13514
1728,3,142284,,0,12967,13514
1728,3,142285,,0,12966,13514
1728,3,142286,,0,12967,13514
1728,3,142287,,0,12966,13514
1728,3,142288,,0,12967,13514
1728,3,142289,,0,12966,13514
1728,3,142290,,0,12967,13514
1728,3,142291,,0,12966,13514
1728,3,142292,,0,12967,13514
1728,3,142293,,0,12966,13514
1728,3,142294,,0,12967,13514
1728,3,142295,,0,12966,13514
1728,3,142296,,0,12967,13514
1728,3,142297,,0,12966,13514
1729,3,137978, WALMART ON 17,0,12667,13329
1729,3,137976, WALMART ON 17,0,12667,13329
1729,3,137977, WALMART ON 17,0,12666,13329
1729,3,137975, WALMART ON 17,0,12666,13329
1729,3,137979,HODGSON MEMORIAL,1,12667,13331
1729,3,137980,HODGSON MEMORIAL,1,12667,13331
1729,3,137982,HODGSON MEMORIAL,1,12666,13331
1729,3,137981,HODGSON MEMORIAL,1,12666,13331
1730,3,138063,ISLAND TOWNE CENTRE,0,12673,13334
1730,3,138064,ISLAND TOWNE CENTRE,0,12673,13334
1730,3,138065,ISLAND TOWNE CENTRE,0,12673,13334
1730,3,138066,ISLAND TOWNE CENTRE,0,12673,13334
1730,3,138067,ISLAND TOWNE CENTRE,0,12673,13334
1730,3,138068,ISLAND TOWNE CENTRE,0,12673,13334
1730,3,138069,ISLAND TOWNE CENTRE,0,12673,13334
1730,3,138070,GREGORY & RIVERVIEW,0,12673,13333
1730,3,138078,TRANSIT CENTER,1,12673,13336
1730,3,138071,TRANSIT CENTER,1,12673,13337
1730,3,138072,TRANSIT CENTER,1,12673,13337
1730,3,138073,TRANSIT CENTER,1,12673,13337
1730,3,138074,TRANSIT CENTER,1,12673,13337
1730,3,138075,TRANSIT CENTER,1,12673,13337
1730,3,138076,TRANSIT CENTER,1,12673,13337
1730,3,138077,TRANSIT CENTER,1,12673,13337
1732,3,138191,SAVANNAH STATE UNIVERSITY,0,12684,13344
1732,3,138192,SAVANNAH STATE UNIVERSITY,0,12684,13344
1732,3,138193,SAVANNAH STATE UNIVERSITY,0,12684,13344
1732,3,138194,SAVANNAH STATE UNIVERSITY,0,12684,13344
1732,3,138195,SAVANNAH STATE UNIVERSITY,0,12684,13344
1732,3,138196,SAVANNAH STATE UNIVERSITY,0,12684,13344
1732,3,138198,SAVANNAH STATE UNIVERSITY,0,12684,13344
1732,3,138199,SAVANNAH STATE UNIVERSITY,0,12684,13344
1732,3,138200,SAVANNAH STATE UNIVERSITY,0,12684,13344
1732,3,138197,SAVANNAH STATE UNIVERSITY,0,12684,13344
1732,3,138201,W 51ST & HOPKINS,1,12684,13346
1732,3,138202,W 51ST & HOPKINS,1,12684,13346
1732,3,138203,W 51ST & HOPKINS,1,12684,13346
1732,3,138204,W 51ST & HOPKINS,1,12684,13346
1732,3,138205,W 51ST & HOPKINS,1,12684,13346
1732,3,138206,W 51ST & HOPKINS,1,12684,13346
1732,3,138207,W 51ST & HOPKINS,1,12684,13346
1732,3,138208,W 51ST & HOPKINS,1,12684,13346
1732,3,138209,W 51ST & HOPKINS,1,12684,13346
1732,3,138210,W 51ST & HOPKINS,1,12684,13346
1733,3,138356,SAVANNAH MALL,0,12699,13348
1733,3,138357,SAVANNAH MALL,0,12700,13347
1733,3,138358,SAVANNAH MALL,0,12699,13348
1733,3,138359,SAVANNAH MALL,0,12701,13347
1733,3,138360,SAVANNAH MALL,0,12700,13348
1733,3,138361,SAVANNAH MALL,0,12699,13347
1733,3,138368,SAVANNAH MALL,0,12701,13347
1733,3,138362,SAVANNAH MALL,0,12700,13348
1733,3,138363,SAVANNAH MALL,0,12699,13347
1733,3,138369,SAVANNAH MALL,0,12701,13348
1733,3,138364,SAVANNAH MALL,0,12700,13347
1733,3,138365,SAVANNAH MALL,0,12699,13348
1733,3,138366,SAVANNAH MALL,0,12700,13347
1733,3,138367,SAVANNAH MALL,0,12699,13348
1733,3,138370,TRANSIT CENTER,1,12699,13349
1733,3,138371,TRANSIT CENTER,1,12700,13350
1733,3,138372,TRANSIT CENTER,1,12699,13349
1733,3,138373,TRANSIT CENTER,1,12701,13350
1733,3,138374,TRANSIT CENTER,1,12700,13349
1733,3,138375,TRANSIT CENTER,1,12699,13350
1733,3,138376,TRANSIT CENTER,1,12701,13349
1733,3,138377,TRANSIT CENTER,1,12700,13349
1733,3,138383,TRANSIT CENTER,1,12699,13350
1733,3,138378,TRANSIT CENTER,1,12701,13349
1733,3,138379,TRANSIT CENTER,1,12700,13350
1733,3,138380,TRANSIT CENTER,1,12699,13349
1733,3,138381,TRANSIT CENTER,1,12700,13350
1733,3,138382,TRANSIT CENTER,1,12699,13349
1734,3,138520,SAVANNAH FESTIVAL,0,12712,13352
1734,3,138515,SAVANNAH FESTIVAL,0,12712,13352
1734,3,138516,SAVANNAH FESTIVAL,0,12712,13352
1734,3,138517,SAVANNAH FESTIVAL,0,12712,13352
1734,3,138518,SAVANNAH FESTIVAL,0,12712,13352
1734,3,138519,SAVANNAH FESTIVAL,0,12712,13352
1734,3,138521,TRANSIT CENTER,1,12712,13353
1734,3,138522,TRANSIT CENTER,1,12712,13353
1734,3,138523,TRANSIT CENTER,1,12712,13353
1734,3,138524,TRANSIT CENTER,1,12712,13353
1734,3,138525,TRANSIT CENTER,1,12712,13353
1734,3,138526,TRANSIT CENTER,1,12712,13353
1736,3,138657,WESTLAKE APTS,0,12721,13362
1736,3,138659,WESTLAKE APTS,0,12722,13362
1736,3,138658,DETENTION CENTER,0,12721,13364
1736,3,138660,DETENTION CENTER,0,12722,13364
1736,3,138661,DETENTION CENTER,0,12721,13364
1736,3,138667,DETENTION CENTER,0,12722,13364
1736,3,138662,DETENTION CENTER,0,12721,13364
1736,3,138668,DETENTION CENTER,0,12722,13364
1736,3,138663,DETENTION CENTER,0,12721,13364
1736,3,138669,DETENTION CENTER,0,12722,13364
1736,3,138664,DETENTION CENTER,0,12721,13364
1736,3,138670,DETENTION CENTER,0,12722,13364
1736,3,138665,DETENTION CENTER,0,12721,13364
1736,3,138671,DETENTION CENTER,0,12722,13364
1736,3,138666,DETENTION CENTER,0,12721,13364
1736,3,138672,DETENTION CENTER,0,12722,13364
1736,3,138673,WESTLAKE APTS,0,12721,13363
1736,3,138674,TRANSIT CENTER,1,12721,13367
1736,3,138676,TRANSIT CENTER,1,12722,13367
1736,3,138675,TRANSIT CENTER,1,12721,13369
1736,3,138677,TRANSIT CENTER,1,12722,13369
1736,3,138678,TRANSIT CENTER,1,12721,13369
1736,3,138684,TRANSIT CENTER,1,12722,13369
1736,3,138679,TRANSIT CENTER,1,12721,13369
1736,3,138685,TRANSIT CENTER,1,12722,13369
1736,3,138680,TRANSIT CENTER,1,12721,13369
1736,3,138686,TRANSIT CENTER,1,12722,13369
1736,3,138681,TRANSIT CENTER,1,12721,13369
1736,3,138687,TRANSIT CENTER,1,12722,13369
1736,3,138682,TRANSIT CENTER,1,12721,13369
1736,3,138688,TRANSIT CENTER,1,12722,13369
1736,3,138683,TRANSIT CENTER,1,12721,13369
1736,3,138689,TRANSIT CENTER,1,12722,13369
1736,3,138690,TRANSIT CENTER,1,12721,13367
1737,3,138806,OGLETHORPE MALL,0,12732,13370
1737,3,138807,OGLETHORPE MALL,0,12733,13370
1737,3,138808,OGLETHORPE MALL,0,12732,13370
1737,3,138809,OGLETHORPE MALL,0,12733,13370
1737,3,138810,OGLETHORPE MALL,0,12732,13370
1737,3,138811,OGLETHORPE MALL,0,12733,13370
1737,3,138812,OGLETHORPE MALL,0,12732,13370
1737,3,138814,OGLETHORPE MALL,0,12733,13370
1737,3,138813,OGLETHORPE MALL,0,12732,13370
1737,3,138815,OGLETHORPE MALL,0,12733,13370
1737,3,138816,OGLETHORPE MALL,0,12732,13370
1737,3,138817,TRANSIT CENTER,1,12732,13373
1737,3,138818,TRANSIT CENTER,1,12733,13373
1737,3,138819,TRANSIT CENTER,1,12732,13372
1737,3,138820,TRANSIT CENTER,1,12733,13372
1737,3,138821,TRANSIT CENTER,1,12732,13372
1737,3,138822,TRANSIT CENTER,1,12733,13372
1737,3,138823,TRANSIT CENTER,1,12732,13372
1737,3,138824,TRANSIT CENTER,1,12733,13372
1737,3,138825,TRANSIT CENTER,1,12732,13372
1737,3,138826,TRANSIT CENTER,1,12733,13372
1737,3,138827,TRANSIT CENTER,1,12732,13372
1737,3,138828,TRANSIT CENTER,1,12733,13372
1737,3,138829,TRANSIT CENTER,1,12732,13372
1739,3,139008,CLOVERDALE,0,12743,13381
1739,3,138998,CLOVERDALE VIA DISMAS,0,12743,13379
1739,3,138999,CLOVERDALE VIA DISMAS,0,12743,13379
1739,3,139000,CLOVERDALE VIA DISMAS,0,12743,13379
1739,3,139001,CLOVERDALE VIA DISMAS,0,12743,13379
1739,3,139002,CLOVERDALE VIA DISMAS,0,12743,13379
1739,3,139003,CLOVERDALE VIA DISMAS,0,12743,13379
1739,3,139004,CLOVERDALE VIA DISMAS,0,12743,13379
1739,3,139005,CLOVERDALE VIA DISMAS,0,12743,13379
1739,3,139006,CLOVERDALE VIA DISMAS,0,12743,13379
1739,3,139007,CLOVERDALE VIA AMTRAK,0,12743,13378
1739,3,139010,TRANSIT CENTER,1,12743,13382
1739,3,139009,TRANSIT CENTER,1,12743,13382
1739,3,139011,TRANSIT CENTER,1,12743,13382
1739,3,139012,TRANSIT CENTER,1,12743,13382
1739,3,139013,TRANSIT CENTER,1,12743,13382
1739,3,139014,TRANSIT CENTER,1,12743,13382
1739,3,139015,TRANSIT CENTER,1,12743,13382
1739,3,139016,TRANSIT CENTER,1,12743,13382
1739,3,139017,TRANSIT CENTER,1,12743,13382
1739,3,139018,TRANSIT CENTER,1,12743,13382
1739,3,139019,TRANSIT CENTER,1,12743,13382
1740,3,139103,BENTON & TOWNE CTR,0,12748,13384
1740,3,139104,BENTON & TOWNE CTR,0,12748,13384
1740,3,139105,BENTON & TOWNE CTR,0,12748,13384
1740,3,139106,INTERMODAL CENTER,1,12748,13386
1740,3,139107,INTERMODAL CENTER,1,12748,13386
1740,3,139108,INTERMODAL CENTER,1,12748,13386
1741,3,139203,HODGSON MEMORIAL,0,12756,13387
1741,3,139204,HODGSON MEMORIAL,0,12756,13387
1741,3,139205,HODGSON MEMORIAL,0,12756,13387
1741,3,139206,HODGSON MEMORIAL,0,12756,13387
1741,3,139207,HODGSON MEMORIAL,0,12756,13387
1741,3,139208,HODGSON MEMORIAL,0,12756,13387
1741,3,139209,TRANSIT CENTER,1,12756,13389
1741,3,139210,TRANSIT CENTER,1,12756,13389
1741,3,139214,TRANSIT CENTER,1,12756,13389
1741,3,139211,TRANSIT CENTER,1,12756,13389
1741,3,139212,TRANSIT CENTER,1,12756,13389
1741,3,139213,TRANSIT CENTER,1,12756,13389
1742,3,139311,3RD & MINIS,0,12748,13393
1742,3,139312,3RD & MINIS,0,12748,13393
1742,3,139314,3RD & MINIS,0,12748,13393
1742,3,139313,3RD & MINIS,0,12748,13393
1742,3,139315,3RD & MINIS,0,12748,13393
1742,3,139316,TRANSIT CENTER,1,12748,13396
1742,3,139317,TRANSIT CENTER,1,12748,13396
1742,3,139318,TRANSIT CENTER,1,12748,13396
1742,3,139320,TRANSIT CENTER,1,12748,13396
1742,3,139319,TRANSIT CENTER,1,12748,13396
1746,3,139568,SAVANNAH AIRPORT,0,12776,13408
1746,3,139569,SAVANNAH AIRPORT,0,12776,13408
1746,3,139570,SAVANNAH AIRPORT,0,12776,13408
1746,3,139571,SAVANNAH AIRPORT,0,12776,13408
1746,3,139572,SAVANNAH AIRPORT,0,12776,13408
1746,3,139573,SAVANNAH AIRPORT,0,12776,13408
1746,3,139574,SAVANNAH AIRPORT,0,12776,13408
1746,3,139575,SAVANNAH AIRPORT,0,12776,13408
1746,3,139576,TRANSIT CENTER,1,12776,13409
1746,3,139577,TRANSIT CENTER,1,12776,13409
1746,3,139578,TRANSIT CENTER,1,12776,13409
1746,3,139579,TRANSIT CENTER,1,12776,13409
1746,3,139580,TRANSIT CENTER,1,12776,13409
1746,3,139581,TRANSIT CENTER,1,12776,13409
1746,3,139582,TRANSIT CENTER,1,12776,13409
1746,3,139583,TRANSIT CENTER,1,12776,13409
1747,3,139630,WALMART,0,12779,13410
1747,3,139631,WALMART,0,12779,13410
1747,3,139632,WALMART,0,12779,13410
1747,3,139633,WALMART,0,12779,13410
1747,3,139634,WALMART,0,12779,13410
1747,3,139635,WALMART,0,12779,13410
1747,3,139636,WALMART,0,12779,13410
1747,3,139637,WALMART,0,12779,13410
1747,3,139638,SSU,1,12779,13411
1747,3,139639,SSU,1,12779,13411
1747,3,139640,SSU,1,12779,13411
1747,3,139641,SSU,1,12779,13411
1747,3,139642,SSU,1,12779,13411
1747,3,139643,SSU,1,12779,13411
1747,3,139644,SSU,1,12779,13411
1747,3,139645,SSU,1,12779,13411
1727,5,137672,CHATHAM PLAZA,0,12644,13319
1727,5,137686,CHATHAM PLAZA,0,12644,13320
1727,5,137681,CHATHAM PLAZA,0,12646,13320
1727,5,137682,CHATHAM PLAZA,0,12644,13320
1727,5,137683,CHATHAM PLAZA,0,12646,13320
1727,5,137684,CHATHAM PLAZA,0,12644,13320
1727,5,137687,CHATHAM PLAZA,0,12646,13320
1727,5,137685,CHATHAM PLAZA,0,12644,13320
1727,5,137673,CHATHAM PLAZA,0,12644,13320
1727,5,137674,CHATHAM PLAZA,0,12644,13320
1727,5,137675,CHATHAM PLAZA,0,12645,13320
1727,5,137676,CHATHAM PLAZA,0,12644,13320
1727,5,137677,CHATHAM PLAZA,0,12645,13320
1727,5,137678,CHATHAM PLAZA,0,12644,13320
1727,5,137679,CHATHAM PLAZA,0,12645,13320
1727,5,137680,CHATHAM PLAZA,0,12644,13320
1727,5,137688,TRANSIT CENTER,1,12644,13324
1727,5,137689,TRANSIT CENTER,1,12644,13323
1727,5,137690,TRANSIT CENTER,1,12646,13323
1727,5,137691,TRANSIT CENTER,1,12644,13323
1727,5,137692,TRANSIT CENTER,1,12646,13323
1727,5,137693,TRANSIT CENTER,1,12644,13323
1727,5,137694,TRANSIT CENTER,1,12646,13323
1727,5,137695,TRANSIT CENTER,1,12644,13323
1727,5,137696,TRANSIT CENTER,1,12644,13323
1727,5,137697,TRANSIT CENTER,1,12644,13323
1727,5,137698,TRANSIT CENTER,1,12645,13323
1727,5,137699,TRANSIT CENTER,1,12644,13323
1727,5,137700,TRANSIT CENTER,1,12645,13323
1727,5,137701,TRANSIT CENTER,1,12644,13323
1727,5,137702,TRANSIT CENTER,1,12645,13323
1727,5,137703,TRANSIT CENTER,1,12644,13323
1728,5,142182,,0,12960,13514
1728,5,142183,,0,12961,13514
1728,5,142184,,0,12960,13514
1728,5,142185,,0,12961,13514
1728,5,142186,,0,12960,13514
1728,5,142187,,0,12961,13514
1728,5,142188,,0,12960,13514
1728,5,142189,,0,12961,13514
1728,5,142190,,0,12960,13514
1728,5,142191,,0,12961,13514
1728,5,142192,,0,12960,13514
1728,5,142193,,0,12961,13514
1728,5,142194,,0,12960,13514
1728,5,142195,,0,12961,13514
1728,5,142196,,0,12960,13514
1728,5,142197,,0,12961,13514
1728,5,142198,,0,12960,13514
1728,5,142199,,0,12961,13514
1728,5,142200,,0,12960,13514
1728,5,142201,,0,12961,13514
1728,5,142202,,0,12960,13514
1728,5,142203,,0,12961,13514
1728,5,142204,,0,12960,13514
1728,5,142205,,0,12961,13514
1728,5,142206,,0,12960,13514
1728,5,142207,,0,12961,13514
1728,5,142208,,0,12960,13514
1728,5,142209,,0,12961,13514
1728,5,142210,,0,12960,13514
1729,5,137926, WALMART ON 17,0,12663,13329
1729,5,137927, WALMART ON 17,0,12663,13329
1729,5,137928, WALMART ON 17,0,12663,13329
1729,5,137929, WALMART ON 17,0,12663,13329
1729,5,137930, WALMART ON 17,0,12663,13329
1729,5,137932, WALMART ON 17,0,12663,13329
1729,5,137931, WALMART ON 17,0,12663,13329
1729,5,137933, WALMART ON 17,0,12663,13329
1729,5,137934, WALMART ON 17,0,12663,13329
1729,5,137935,HODGSON MEMORIAL,1,12663,13331
1729,5,137936,HODGSON MEMORIAL,1,12663,13331
1729,5,137937,HODGSON MEMORIAL,1,12663,13331
1729,5,137938,HODGSON MEMORIAL,1,12663,13331
1729,5,137941,HODGSON MEMORIAL,1,12663,13331
1729,5,137939,HODGSON MEMORIAL,1,12663,13331
1729,5,137940,HODGSON MEMORIAL,1,12663,13331
1729,5,137942,HODGSON MEMORIAL,1,12663,13331
1729,5,137943,HODGSON MEMORIAL,1,12663,13331
1730,5,138014, PENN WALLER & JOHNNY MERCER,0,12670,13335
1730,5,138015, PENN WALLER & JOHNNY MERCER,0,12670,13335
1730,5,138016, PENN WALLER & JOHNNY MERCER,0,12670,13335
1730,5,138017, PENN WALLER & JOHNNY MERCER,0,12670,13335
1730,5,138018, PENN WALLER & JOHNNY MERCER,0,12670,13335
1730,5,138019, PENN WALLER & JOHNNY MERCER,0,12670,13335
1730,5,138020, PENN WALLER & JOHNNY MERCER,0,12670,13335
1730,5,138028,TRANSIT CENTER,1,12670,13336
1730,5,138021,TRANSIT CENTER,1,12670,13338
1730,5,138022,TRANSIT CENTER,1,12670,13338
1730,5,138023,TRANSIT CENTER,1,12670,13338
1730,5,138024,TRANSIT CENTER,1,12670,13338
1730,5,138025,TRANSIT CENTER,1,12670,13338
1730,5,138026,TRANSIT CENTER,1,12670,13338
1730,5,138027,TRANSIT CENTER,1,12670,13338
1731,5,138113,EISENHOWER,0,12676,13341
1731,5,138114,EISENHOWER,0,12676,13341
1731,5,138115,EISENHOWER,0,12677,13341
1731,5,138116,EISENHOWER,0,12677,13341
1731,5,138117,TRANSIT CENTER,1,12676,13342
1731,5,138119,TRANSIT CENTER,1,12676,13342
1731,5,138120,TRANSIT CENTER,1,12677,13342
1731,5,138118,TRANSIT CENTER,1,12677,13342
1732,5,138131,ISLAND TOWNE CENTRE VIA SSU,0,12680,13343
1732,5,138132,ISLAND TOWNE CENTRE VIA SSU,0,12681,13343
1732,5,138133,ISLAND TOWNE CENTRE VIA SSU,0,12680,13343
1732,5,138134,ISLAND TOWNE CENTRE VIA SSU,0,12681,13343
1732,5,138135,ISLAND TOWNE CENTRE VIA SSU,0,12680,13343
1732,5,138136,ISLAND TOWNE CENTRE VIA SSU,0,12681,13343
1732,5,138137,ISLAND TOWNE CENTRE VIA SSU,0,12680,13343
1732,5,138138,ISLAND TOWNE CENTRE VIA SSU,0,12681,13343
1732,5,138139,ISLAND TOWNE CENTRE VIA SSU,0,12680,13343
1732,5,138140,ISLAND TOWNE CENTRE VIA SSU,0,12681,13343
1732,5,138141,ISLAND TOWNE CENTRE VIA SSU,0,12680,13343
1732,5,138142,ISLAND TOWNE CENTRE VIA SSU,0,12681,13343
1732,5,138143,ISLAND TOWNE CENTRE VIA SSU,0,12680,13343
1732,5,138144,ISLAND TOWNE CENTRE VIA SSU,0,12681,13343
1732,5,138145, W 51ST & HOPKINS,1,12680,13345
1732,5,138146, W 51ST & HOPKINS,1,12681,13345
1732,5,138147, W 51ST & HOPKINS,1,12680,13345
1732,5,138148, W 51ST & HOPKINS,1,12681,13345
1732,5,138149, W 51ST & HOPKINS,1,12680,13345
1732,5,138150, W 51ST & HOPKINS,1,12681,13345
1732,5,138151, W 51ST & HOPKINS,1,12680,13345
1732,5,138152, W 51ST & HOPKINS,1,12681,13345
1732,5,138153, W 51ST & HOPKINS,1,12680,13345
1732,5,138154, W 51ST & HOPKINS,1,12681,13345
1732,5,138155, W 51ST & HOPKINS,1,12680,13345
1732,5,138156, W 51ST & HOPKINS,1,12681,13345
1732,5,138157, W 51ST & HOPKINS,1,12680,13345
1732,5,138158, W 51ST & HOPKINS,1,12681,13345
1733,5,138260,SAVANNAH MALL,0,12691,13348
1733,5,138261,SAVANNAH MALL,0,12692,13347
1733,5,138262,SAVANNAH MALL,0,12691,13348
1733,5,138263,SAVANNAH MALL,0,12693,13347
1733,5,138264,SAVANNAH MALL,0,12692,13348
1733,5,138265,SAVANNAH MALL,0,12691,13347
1733,5,138266,SAVANNAH MALL,0,12693,13347
1733,5,138267,SAVANNAH MALL,0,12692,13348
1733,5,138273,SAVANNAH MALL,0,12691,13347
1733,5,138268,SAVANNAH MALL,0,12693,13348
1733,5,138269,SAVANNAH MALL,0,12692,13347
1733,5,138270,SAVANNAH MALL,0,12691,13348
1733,5,138271,SAVANNAH MALL,0,12692,13347
1733,5,138272,SAVANNAH MALL,0,12691,13348
1733,5,138274,SAVANNAH MALL,0,12692,13348
1733,5,138275,TRANSIT CENTER,1,12691,13349
1733,5,138276,TRANSIT CENTER,1,12692,13350
1733,5,138277,TRANSIT CENTER,1,12691,13349
1733,5,138278,TRANSIT CENTER,1,12693,13350
1733,5,138279,TRANSIT CENTER,1,12692,13349
1733,5,138280,TRANSIT CENTER,1,12691,13350
1733,5,138281,TRANSIT CENTER,1,12693,13349
1733,5,138282,TRANSIT CENTER,1,12692,13349
1733,5,138289,TRANSIT CENTER,1,12691,13350
1733,5,138283,TRANSIT CENTER,1,12693,13349
1733,5,138284,TRANSIT CENTER,1,12692,13350
1733,5,138285,TRANSIT CENTER,1,12691,13349
1733,5,138286,TRANSIT CENTER,1,12692,13350
1733,5,138287,TRANSIT CENTER,1,12691,13349
1733,5,138288,TRANSIT CENTER,1,12692,13350
1734,5,138468,SUPER WALMART ON HWY 17,0,12708,13351
1734,5,138457,SAVANNAH FESTIVAL,0,12708,13352
1734,5,138458,SAVANNAH FESTIVAL,0,12709,13352
1734,5,138459,SAVANNAH FESTIVAL,0,12708,13352
1734,5,138460,SAVANNAH FESTIVAL,0,12709,13352
1734,5,138462,SAVANNAH FESTIVAL,0,12708,13352
1734,5,138461,SAVANNAH FESTIVAL,0,12709,13352
1734,5,138464,SAVANNAH FESTIVAL,0,12708,13352
1734,5,138463,SAVANNAH FESTIVAL,0,12709,13352
1734,5,138469,SAVANNAH FESTIVAL,0,12708,13352
1734,5,138465,SAVANNAH FESTIVAL,0,12709,13352
1734,5,138466,SAVANNAH FESTIVAL,0,12708,13352
1734,5,138467,SAVANNAH FESTIVAL,0,12709,13352
1734,5,138470,TRANSIT CENTER,1,12708,13356
1734,5,138471,TRANSIT CENTER,1,12708,13353
1734,5,138472,TRANSIT CENTER,1,12709,13353
1734,5,138473,TRANSIT CENTER,1,12708,13354
1734,5,138474,TRANSIT CENTER,1,12709,13353
1734,5,138475,TRANSIT CENTER,1,12708,13353
1734,5,138476,TRANSIT CENTER,1,12709,13353
1734,5,138477,TRANSIT CENTER,1,12708,13353
1734,5,138480,TRANSIT CENTER,1,12709,13354
1734,5,138478,TRANSIT CENTER,1,12708,13353
1734,5,138481,TRANSIT CENTER,1,12709,13353
1734,5,138479,TRANSIT CENTER,1,12708,13353
1734,5,138482,TRANSIT CENTER,1,12709,13353
1736,5,138569,WESTLAKE APTS,0,12717,13362
1736,5,138570,WESTLAKE APTS,0,12717,13363
1736,5,138573,WESTLAKE APTS,0,12718,13363
1736,5,138571,DETENTION CENTER,0,12717,13364
1736,5,138572,DETENTION CENTER,0,12718,13364
1736,5,138574,DETENTION CENTER,0,12717,13364
1736,5,138581,DETENTION CENTER,0,12718,13364
1736,5,138575,DETENTION CENTER,0,12717,13364
1736,5,138582,DETENTION CENTER,0,12718,13364
1736,5,138576,DETENTION CENTER,0,12717,13364
1736,5,138583,DETENTION CENTER,0,12718,13364
1736,5,138577,DETENTION CENTER,0,12717,13364
1736,5,138584,DETENTION CENTER,0,12718,13364
1736,5,138578,DETENTION CENTER,0,12717,13364
1736,5,138585,DETENTION CENTER,0,12718,13364
1736,5,138579,DETENTION CENTER,0,12717,13364
1736,5,138586,DETENTION CENTER,0,12718,13364
1736,5,138580,DETENTION CENTER,0,12717,13364
1736,5,138587,WESTLAKE APTS,0,12718,13363
1736,5,138588,TRANSIT CENTER,1,12717,13368
1736,5,138589,TRANSIT CENTER,1,12717,13368
1736,5,138605,TRANSIT CENTER,1,12718,13367
1736,5,138590,TRANSIT CENTER,1,12717,13369
1736,5,138598,TRANSIT CENTER,1,12718,13369
1736,5,138591,TRANSIT CENTER,1,12717,13369
1736,5,138599,TRANSIT CENTER,1,12718,13369
1736,5,138592,TRANSIT CENTER,1,12717,13369
1736,5,138600,TRANSIT CENTER,1,12718,13369
1736,5,138593,TRANSIT CENTER,1,12717,13369
1736,5,138601,TRANSIT CENTER,1,12718,13369
1736,5,138594,TRANSIT CENTER,1,12717,13369
1736,5,138602,TRANSIT CENTER,1,12718,13369
1736,5,138595,TRANSIT CENTER,1,12717,13369
1736,5,138603,TRANSIT CENTER,1,12718,13369
1736,5,138596,TRANSIT CENTER,1,12717,13369
1736,5,138604,TRANSIT CENTER,1,12718,13369
1736,5,138597,TRANSIT CENTER,1,12717,13369
1736,5,138606,TRANSIT CENTER,1,12718,13367
1737,5,138758,OGLETHORPE MALL,0,12729,13370
1737,5,138759,OGLETHORPE MALL,0,12729,13370
1737,5,138760,OGLETHORPE MALL,0,12729,13370
1737,5,138761,OGLETHORPE MALL,0,12729,13370
1737,5,138762,OGLETHORPE MALL,0,12729,13370
1737,5,138763,OGLETHORPE MALL,0,12729,13370
1737,5,138764,OGLETHORPE MALL,0,12729,13370
1737,5,138765,TRANSIT CENTER,1,12729,13372
1737,5,138766,TRANSIT CENTER,1,12729,13372
1737,5,138767,TRANSIT CENTER,1,12729,13372
1737,5,138768,TRANSIT CENTER,1,12729,13372
1737,5,138769,TRANSIT CENTER,1,12729,13372
1737,5,138770,TRANSIT CENTER,1,12729,13372
1737,5,138771,TRANSIT CENTER,1,12729,13372
1738,5,138865,WALMART,0,12736,13375
1738,5,138866,WALMART,0,12736,13375
1738,5,138867,WALMART,0,12736,13375
1738,5,138868,WALMART,0,12736,13375
1738,5,138869,WALMART,0,12736,13375
1738,5,138870,WALMART,0,12736,13375
1738,5,138871,WALMART,0,12736,13375
1738,5,138872,TRANSIT CENTER,1,12736,13377
1738,5,138873,TRANSIT CENTER,1,12736,13376
1738,5,138874,TRANSIT CENTER,1,12736,13376
1738,5,138875,TRANSIT CENTER,1,12736,13376
1738,5,138876,TRANSIT CENTER,1,12736,13376
1738,5,138877,TRANSIT CENTER,1,12736,13376
1738,5,138878,TRANSIT CENTER,1,12736,13376
1738,5,138879,TRANSIT CENTER,1,12736,13376
1739,5,138949,CLOVERDALE,0,12741,13381
1739,5,138950,CLOVERDALE VIA AMTRAK,0,12741,13378
1739,5,138938,CLOVERDALE VIA DISMAS,0,12741,13379
1739,5,138939,CLOVERDALE VIA DISMAS,0,12741,13379
1739,5,138940,CLOVERDALE VIA DISMAS,0,12741,13379
1739,5,138941,CLOVERDALE VIA DISMAS,0,12741,13379
1739,5,138942,CLOVERDALE VIA DISMAS,0,12741,13379
1739,5,138943,CLOVERDALE VIA DISMAS,0,12741,13379
1739,5,138944,CLOVERDALE VIA DISMAS,0,12741,13379
1739,5,138945,CLOVERDALE VIA DISMAS,0,12741,13379
1739,5,138946,CLOVERDALE VIA DISMAS,0,12741,13379
1739,5,138947,CLOVERDALE VIA DISMAS,0,12741,13379
1739,5,138948,CLOVERDALE VIA AMTRAK,0,12741,13378
1739,5,138952,TRANSIT CENTER,1,12741,13382
1739,5,138953,TRANSIT CENTER,1,12741,13382
1739,5,138954,TRANSIT CENTER,1,12741,13382
1739,5,138951,TRANSIT CENTER,1,12741,13382
1739,5,138955,TRANSIT CENTER,1,12741,13382
1739,5,138956,TRANSIT CENTER,1,12741,13382
1739,5,138957,TRANSIT CENTER,1,12741,13382
1739,5,138958,TRANSIT CENTER,1,12741,13382
1739,5,138959,TRANSIT CENTER,1,12741,13382
1739,5,138960,TRANSIT CENTER,1,12741,13382
1739,5,138961,TRANSIT CENTER,1,12741,13382
1739,5,138962,TRANSIT CENTER,1,12741,13382
1739,5,138963,TRANSIT CENTER,1,12741,13382
1740,5,139056,BENTON & TOWNE CTR,0,12745,13384
1740,5,139057,BENTON & TOWNE CTR,0,12745,13384
1740,5,139054,BENTON & TOWNE CTR,0,12745,13384
1740,5,139055,BENTON & TOWNE CTR,0,12745,13384
1740,5,139058,BENTON & TOWNE CTR,0,12745,13384
1740,5,139059,BENTON & TOWNE CTR,0,12745,13384
1740,5,139060,INTERMODAL CENTER,1,12745,13386
1740,5,139061,INTERMODAL CENTER,1,12745,13386
1740,5,139062,INTERMODAL CENTER,1,12745,13386
1740,5,139063,INTERMODAL CENTER,1,12745,13386
1740,5,139064,INTERMODAL CENTER,1,12745,13386
1740,5,139065,INTERMODAL CENTER,1,12745,13386
1741,5,139158,HODGSON MEMORIAL,0,12752,13387
1741,5,139150,HODGSON MEMORIAL,0,12752,13387
1741,5,139159,HODGSON MEMORIAL,0,12753,13387
1741,5,139151,HODGSON MEMORIAL,0,12752,13387
1741,5,139152,HODGSON MEMORIAL,0,12753,13387
1741,5,139153,HODGSON MEMORIAL,0,12752,13387
1741,5,139154,HODGSON MEMORIAL,0,12753,13387
1741,5,139155,HODGSON MEMORIAL,0,12752,13387
1741,5,139156,HODGSON MEMORIAL,0,12753,13387
1741,5,139157,HODGSON MEMORIAL,0,12752,13387
1741,5,139160,HODGSON MEMORIAL,0,12753,13387
1741,5,139149,HODGSON MEMORIAL,0,12752,13387
1741,5,139161,TRANSIT CENTER,1,12752,13389
1741,5,139163,TRANSIT CENTER,1,12752,13389
1741,5,139164,TRANSIT CENTER,1,12753,13389
1741,5,139165,TRANSIT CENTER,1,12752,13389
1741,5,139162,TRANSIT CENTER,1,12753,13389
1741,5,139166,TRANSIT CENTER,1,12752,13389
1741,5,139167,TRANSIT CENTER,1,12753,13389
1741,5,139168,TRANSIT CENTER,1,12752,13389
1741,5,139169,TRANSIT CENTER,1,12753,13389
1741,5,139170,TRANSIT CENTER,1,12752,13389
1741,5,139172,TRANSIT CENTER,1,12753,13389
1741,5,139171,TRANSIT CENTER,1,12752,13389
1742,5,139250,3RD & MINIS,0,12760,13393
1742,5,139251,3RD & MINIS,0,12760,13393
1742,5,139252,3RD & MINIS,0,12760,13393
1742,5,139253,3RD & MINIS,0,12760,13393
1742,5,139254,3RD & MINIS,0,12760,13393
1742,5,139255,3RD & MINIS,0,12760,13393
1742,5,139256,3RD & MINIS,0,12760,13393
1742,5,139257,3RD & MINIS,0,12760,13393
1742,5,139258,3RD & MINIS,0,12760,13393
1742,5,139259,3RD & MINIS,0,12760,13393
1742,5,139260,3RD & MINIS,0,12760,13393
1742,5,139263,3RD & MINIS,0,12760,13393
1742,5,139261,3RD & MINIS,0,12760,13393
1742,5,139262,3RD & MINIS,0,12760,13393
1742,5,139272,TRANSIT CENTER,1,12760,13395
1742,5,139264,TRANSIT CENTER,1,12760,13396
1742,5,139265,TRANSIT CENTER,1,12760,13396
1742,5,139267,TRANSIT CENTER,1,12760,13396
1742,5,139266,TRANSIT CENTER,1,12760,13396
1742,5,139268,TRANSIT CENTER,1,12760,13396
1742,5,139269,TRANSIT CENTER,1,12760,13396
1742,5,139270,TRANSIT CENTER,1,12760,13396
1742,5,139271,TRANSIT CENTER,1,12760,13396
1742,5,139273,TRANSIT CENTER,1,12760,13396
1742,5,139274,TRANSIT CENTER,1,12760,13396
1742,5,139277,TRANSIT CENTER,1,12760,13396
1742,5,139276,TRANSIT CENTER,1,12760,13396
1742,5,139275,TRANSIT CENTER,1,12760,13396
1742,5,139278,TRANSIT CENTER,1,12760,13396
1746,5,139526,SAVANNAH AIRPORT,0,12774,13408
1746,5,139527,SAVANNAH AIRPORT,0,12774,13408
1746,5,139528,SAVANNAH AIRPORT,0,12774,13408
1746,5,139529,SAVANNAH AIRPORT,0,12774,13408
1746,5,139530,SAVANNAH AIRPORT,0,12774,13408
1746,5,139531,SAVANNAH AIRPORT,0,12774,13408
1746,5,139532,SAVANNAH AIRPORT,0,12774,13408
1746,5,139533,SAVANNAH AIRPORT,0,12774,13408
1746,5,139534,TRANSIT CENTER,1,12774,13409
1746,5,139535,TRANSIT CENTER,1,12774,13409
1746,5,139536,TRANSIT CENTER,1,12774,13409
1746,5,139537,TRANSIT CENTER,1,12774,13409
1746,5,139538,TRANSIT CENTER,1,12774,13409
1746,5,139539,TRANSIT CENTER,1,12774,13409
1746,5,139540,TRANSIT CENTER,1,12774,13409
1746,5,139541,TRANSIT CENTER,1,12774,13409
